-1	 8.930 -10.773 28.438 65.481 -40.462 57.801 69.903 12.813 44.048 55.212 60.887 29.278 82.317 46.585 60.230 75.480 -13.300 95.641 -13.002 35.795 54.554 28.985 -40.605 91.458 34.263 23.044 20.751 80.324 54.193 19.408 -22.984 79.805 83.630 68.368 52.566 13.004 -63.367 40.839 69.471 78.224 
-1	13.846 -10.195 29.228 87.080 -61.262 80.835 13.801 86.387  6.188 69.139 47.693 90.992 43.637 49.356 43.377 24.551 -22.886 80.106 -78.878 17.341 92.448 30.155 -56.370 70.333 29.302 29.387 98.897 88.276 33.461 26.467 -52.702 29.837 54.369 93.172 69.560 -48.116 -46.696 82.837 74.149 20.835 
-1	69.268 -11.551 29.107 95.147 -47.828 62.936 63.880  9.180 76.383 48.364 69.386 76.814 89.745 17.274 75.567 90.473 -15.632 21.612 -53.380 13.560 56.290 82.540 -12.063 26.348 67.790 88.187 43.957 90.914 62.069 96.287 -90.909 78.546 80.670 28.400 45.713 -102.671 -90.035 37.109 96.059 69.838 
-1	71.911 -11.405 29.709 95.695  4.978 42.765 69.914 72.520 93.893 17.228 42.535  6.475 31.358 13.225 50.533 46.039 -20.998 74.928 -29.189 47.103 96.573 49.887 -29.045  9.339 42.502 21.649 20.956 88.516 44.981 25.456 -59.091 29.734 37.258 45.164 38.152 -27.989 -4.322 86.466 57.912  8.766 
-1	86.567 -10.743 25.912 54.806 -72.368 35.889 79.675  7.805  1.369 37.537 20.018 99.411 72.073 84.797 83.749 72.214 -19.493  8.299 -70.970 66.709 23.265 53.789 -85.023 56.941 88.103 52.407 91.738 66.915 71.794  6.151 -40.958 93.867 42.524 87.657 88.080 -84.162 -6.785 28.290 96.444 82.662 
-1	32.399 -10.320 27.678 11.432 -11.038 91.659 64.695 27.471  5.000 78.240 88.762 63.155 22.929 48.026  2.664  5.884 -19.190  8.376 -60.843 23.645 32.063 51.580 -94.614 55.901 44.867 90.399 10.880 71.287 59.641 32.734 -31.928 12.073 71.478 19.783 65.445  1.490 -47.605 36.846 99.791 43.191 
-1	49.927 -10.985 27.649 79.865 -69.875 15.346 94.722 96.943  8.175 23.696 72.862 98.630 16.724 92.175 77.951  1.179 -17.998 36.783  7.285 19.428  3.937 17.981 -33.474 60.890 74.272 85.621 49.012 74.744 65.427 71.555 -45.413 85.813 15.712 57.238 49.508 -29.560 -27.338 87.988 27.012 30.858 
-1	66.558 -11.317 28.486 77.274 97.602 32.442 87.835 85.472 40.981 77.298 72.315 94.441 16.356 12.531 33.097 40.026 -19.404 94.442 63.636 68.903  7.371 67.384 -3.618 16.282  0.998 94.249  5.379 25.461 95.445  4.961 47.789 71.398 53.893 40.104 83.466 21.601 63.566 42.478 57.772 83.774 
-1	 8.703 -10.466 28.508 77.392 112.229 20.171 73.908 91.702 43.389  7.646 62.516 13.810 53.802 64.256 48.153 99.513 -16.058 17.304 63.095 58.325 15.320 54.650 -11.487 99.488 91.777 15.584 35.745 49.168 34.403 53.983 55.208 77.523 56.126 41.207 76.190 45.805 60.903  6.841  9.353 45.654 
 1	77.090  8.408 -33.549 70.263 -37.484 84.412 39.984 98.913 17.159 26.685  8.216 72.029 74.402 15.436 71.356 93.533 11.738 81.747 -78.159 77.713 65.036 16.553 -7.590 34.850  2.969 39.083 22.612 95.401 94.623 58.601 -26.569  8.643 51.715 18.888 98.738 -68.761 -7.529 93.805 10.228  8.149 
 1	80.860  9.713 -34.226 77.446 -110.387 46.530 37.841 65.224 56.665 12.513 41.409 97.549 17.421 99.144 80.749 72.414  9.407 26.031 -49.449 38.572 33.010  6.064 -48.383 44.072 77.967 99.862 78.441 39.073 74.904 11.296 -82.475 38.403 97.190 69.782 61.302 -50.988 -33.277 18.593 75.604 10.759 
-1	48.087 -10.998 26.462  0.386 82.159 95.960 31.939 28.176 95.351 38.328 11.601 10.115 73.524 24.863 91.780 94.093 -16.893  0.627 18.492  0.470  6.973 14.063 -3.335 68.603 17.488 18.188 38.890 29.990 91.600 94.802 87.545 48.187 22.229 70.336 13.938  8.413 50.115 98.296 17.156 98.211 
 1	35.821  8.666 -34.270 81.213 59.795  1.327 20.648 45.104 35.615 82.096 14.381 40.686 65.081 85.191  0.627 27.750  8.930 65.544 28.751 10.787 93.862 96.757 88.385 67.633 68.940 42.708 17.002 79.251 22.022 70.437 72.298 19.001 20.528 89.124 65.365 98.776 76.613 15.970 18.534 61.460 
 1	93.873  8.617 -32.253  5.033 -51.106 12.951 75.579  7.465 49.661 26.131 13.056 22.019 81.534 78.443 76.295 39.460  5.014 10.391 -106.643  9.266 31.075 55.273 -105.443 28.121 18.528 26.004 73.127 19.013 63.322 44.571 -97.698 38.003 19.222 16.189 72.874 -43.661 -55.840 86.380 18.005 28.073 
-1	20.893 -10.101 26.707 94.059 -86.803 91.385 95.234 54.904 96.475  8.714 88.712 61.139 94.254 89.788 58.284 23.850 -19.949 62.987 -71.344 76.121 87.935 59.925 -21.572 14.836 23.881 32.577  3.609 17.885 86.735 65.653 -1.145 50.732 36.314 26.572 45.829 -91.633 -50.675 64.188 57.189  5.665 
 1	 9.712  8.536 -30.372 15.461 -57.806 19.259 42.186 20.746 97.988  3.738 18.560  4.396 10.904 84.208 32.687 77.615  5.590 81.956 16.654 79.334 31.739 50.019 -14.048  3.815 18.198 10.445 51.822 20.062 93.675 38.688 -100.591 41.309 48.693 41.966 25.563 -38.193 -66.943 30.620 54.796 39.330 
 1	56.279  8.779 -31.697 72.740 108.640 43.795 87.799 52.850 22.023 38.390 28.785  7.460 73.679 19.241 31.525  6.759  7.719 68.365 21.677 48.607 78.635 33.161 92.198 87.030 53.526  8.771 37.101 60.327 40.576 16.527 72.970 84.251 59.784 95.164 87.726 47.871 78.114  2.421 43.638 17.477 
 1	16.746  8.006 -33.796 15.469 -23.535 32.771 12.452 85.697 87.849 70.323 46.604 92.140 61.253 94.169 67.844 49.571 11.188 30.184 -93.149 34.357  6.662 97.251 -4.725 35.270 34.959 16.733 75.184 15.393  5.612 55.366 -27.109 23.409 90.209 71.847 69.125 -46.125 15.493 94.801 92.799 39.052 
 1	73.882  9.585 -31.197  6.341 31.173 75.724 74.094 46.222 22.449 84.977 81.415 65.389 31.807 20.315 14.996  8.750  5.328 70.793 53.310 74.123 39.470 67.357 30.658 92.444 16.882  5.162 27.213 84.456 79.730 88.300 82.430 55.242  8.620 12.920 28.770  6.514 28.375 56.893 28.706 39.385 
 1	95.497  9.204 -32.027 38.489 94.432 19.293 28.111 19.028 47.517 81.226 32.440 61.646 78.860 49.302 34.183 62.156 11.599 66.050 84.704 11.461 75.955 11.049 48.381 55.382 60.926 87.919 10.283 57.177 92.274 38.521 18.629 55.782 81.286 91.457 69.564 33.575 44.666 25.772 49.082 18.776 
-1	22.455 -10.424 27.882 45.772 21.648 71.873 37.216  9.011 86.756  2.837 78.165 66.341  7.360  9.909 97.337 31.667 -20.118 91.920 68.355 36.426 37.388 71.557 40.220 74.647 55.098 32.882 37.564 74.563 54.090 76.330 56.503 95.927 46.135 18.519 56.991 17.496 -3.615 16.664 32.340 35.728 
-1	28.625 -11.350 28.697 10.033 -80.760 21.802 98.442 41.217 90.610 63.824 54.084 95.225 32.133  9.048 35.927  9.218 -17.128 90.025 -22.577 83.576 43.309 89.593 -15.015 51.475 23.937 65.664 70.402 62.107 83.945 23.173 -46.915 18.989  9.570 29.172 90.412 -28.803 -38.635 44.034 45.880 29.807 
-1	24.425 -10.251 29.076 27.545 -87.508 63.066 72.369 22.427 65.682 93.578 85.597 26.033  2.624 19.597 87.140 91.895 -17.007 32.323 -55.178 96.555 16.154 98.574 -67.337 13.971 84.130 55.031 59.308 82.169 29.285 85.285 -47.583 13.514 13.519 62.754  8.112 -61.361 -105.243 18.033  1.494  9.999 
-1	48.318 -10.526 27.191 71.964  7.610 55.121 98.620 91.153 88.189 51.179 93.304 34.335 47.140 55.542 59.435 13.853 -13.449 33.300 -96.331 41.394 97.290 83.292  4.114 11.172 17.707 91.071 90.403 60.506 96.128 47.637 -68.448 81.143 21.310  6.439 15.223 -44.900 -30.064  7.162 81.957 55.938 
-1	20.227 -10.734 27.264 36.154 -18.551 10.795 61.390  5.550 71.834 17.054 34.657 65.698 67.401 79.049 63.736 99.786 -21.390 76.039 -85.834 53.299 40.095 76.619 -71.806 87.883 41.412 41.900  8.701 71.455 31.400 64.525 -76.738 31.584 24.735 83.958 75.445 -90.751 -88.302 37.777 94.653 17.790 
 1	32.637  9.419 -34.748 38.556 16.299 64.791 22.961 50.367 23.962 63.462 54.174  7.052 21.607 52.086 31.007 84.510  4.722 89.827 42.688  3.184 25.524 15.041 63.569 75.886 30.415 43.433 46.148 96.026 15.250 24.532 95.861 20.396 24.568 88.815 64.063 46.629 62.182 44.941 22.298 13.494 
 1	15.069  9.494 -31.373  9.276 -26.202 93.036 23.232 74.768 97.793 69.206 86.213 33.279 87.374 34.503 13.924 68.746  6.111 67.620 -72.414  0.539 84.126  5.357 -20.477 26.171 63.033 75.146 37.454 73.893 19.163 70.632  0.703 89.570 48.057 94.736 97.320 -57.838 -22.099 33.873 46.573 20.338 
-1	46.172 -11.132 28.058 96.156 34.796 51.127 36.031 37.238 26.494 97.703  9.119 44.239 36.206 26.671 63.166 93.175 -13.518 30.419 35.300 70.826 99.346 53.654 34.011 24.991 50.209 43.762 49.878 38.772 12.710 61.935 17.999 94.982  3.725 35.391 73.563 -8.397 55.533 42.073  6.170  1.143 
-1	65.581 -11.084 26.903 63.542 -86.902 45.917  8.815 56.921  6.575 79.690  6.913 44.700 66.528 54.486 79.961 57.194 -16.784  3.468 -9.540 17.503 41.841 75.722 -24.251 86.109 61.141 69.132 95.342  8.760 90.057 94.038 -25.582 52.326 72.310 43.636  5.535 -73.847 -81.093 16.349 79.374 85.461 
-1	 7.696 -10.563 29.617 79.847 -0.617 16.514 16.967 31.301 36.641 41.335 99.345 69.924 63.319  9.868 47.623 28.826 -22.562 16.776 46.335 66.007 47.146 11.687 31.146  0.843 96.276 25.981 50.372 68.365 17.022 17.027 13.639 50.904 86.597 77.571 59.301 47.930 42.105 15.439 48.347 60.838 
-1	35.052 -11.948 28.883 65.648 63.090 68.792 77.406 29.297 32.667 76.656 63.815 19.993 13.534 57.701 40.617 60.700 -18.745 96.848 64.748 73.780 89.059 34.885 45.765 29.598 39.097  7.954 69.855 17.188 36.724 66.697 58.085 89.648 17.992 74.392 86.859 42.510 66.936 91.088 89.480  3.380 
 1	21.272  9.519 -30.335 85.544 48.929 38.308 45.425  6.813 31.957 37.030 78.023 81.898 21.165 15.889 20.657 46.111  8.710 43.136 89.537 22.691 82.896 74.115 -13.066 57.370 12.728 28.697 81.776 59.040 74.836 56.147 40.879 45.146 97.672 76.312 40.852 19.346 93.054 21.665 80.156  8.164 
-1	87.617 -10.846 26.779 88.838 -47.324 57.045 43.597 34.614 25.323 96.308 34.253 59.787 13.304 18.360 22.270 23.679 -16.897 79.095  8.455 31.741 55.396 56.652 -52.946 94.929 81.939 95.802 30.550 33.101 30.384 58.290 -48.362 38.551 33.256 55.075 92.330 -10.502 -38.657 90.291 14.401 82.454 
-1	55.391 -10.151 25.319 30.130 -6.439 22.198  1.692 98.721  5.292 53.831 49.678 56.402 80.549 15.565 24.362 83.037 -18.388 44.363 -43.785 28.846 73.468 21.779 -1.209 56.879 36.103 85.385 69.183 43.161 46.164  8.147 -111.637 55.781  2.338 78.345 66.229 -34.841 -88.416 90.809 33.036 69.489 
-1	88.404 -10.880 28.011 71.700 80.900 53.124 39.754 13.766  2.930 35.271 39.609 42.249  7.253  0.118 75.621 27.999 -22.713 71.851 62.379 40.832 80.157 57.600 110.509 54.056 25.153  2.627 51.518 50.909  5.496 26.491 51.537 21.820 53.461 84.200 57.662 26.960 103.508 47.567  7.124  9.310 
-1	35.558 -11.426 28.254 32.345 74.586 18.377 69.563 63.748 23.681 76.051 83.148 30.051  3.764 15.002 87.254 87.412 -16.910 16.052 56.545  8.918 32.494 36.515  3.139 46.160 79.426 44.876 48.116 41.381 16.258 60.701 12.416  1.945 32.983 51.880 83.651 -5.831 -13.235 40.910  7.864 15.639 
-1	98.617 -11.053 27.537 28.486 -67.447 34.456 78.419 49.039 72.989 98.228 38.631 12.743 79.635 88.374 18.286 10.642 -21.991 63.417 -25.754 36.031 89.062 87.757 -92.196 29.214 31.763 12.197 69.528 29.862 66.845 41.265 -42.133 37.056 25.160 47.710  7.663 -47.897 -34.548 98.026 85.454 80.959 
-1	82.148 -10.025 28.756 24.140 30.986 98.327 68.665 57.945 72.861 38.140 92.547 56.424  0.653 53.096 88.710 15.229 -14.304  6.919 67.393 82.257 88.334 12.440 52.133 54.389 17.825 22.822 49.701 24.385 33.665 54.698 65.186  5.727  7.098 43.989 16.948 34.094 93.156 71.825 31.505 77.793 
-1	86.091 -11.464 29.969 83.333 38.541 41.111 89.563 60.699 81.731 97.889 39.169 74.986  5.386 82.439 32.158 72.078 -13.112 50.552 31.196 14.296 50.650  7.954  5.527 13.039 23.734 80.985 64.538 28.009 84.328 76.553 56.811 79.317  8.561 71.418 19.351  7.566 108.199 23.895 18.959 19.924 
-1	16.955 -10.196 26.216 53.088  2.603 68.292 40.606 28.540 66.933  8.121 60.098 44.761 70.723  3.330 11.132  5.816 -21.691 84.139 -73.069 14.331 19.878 94.993 -88.795 97.198 93.128 35.579 83.980 82.006 72.216 21.332 -103.135 80.484 51.395 75.253 49.518 -33.075 -16.544 20.226 64.573 73.126 
 1	30.741  9.000 -32.387 42.226 21.633 12.147 48.698 19.716 93.640 40.047 31.098 89.763 46.019 84.251 27.602  1.947 10.634  0.189 32.468 79.260 60.862 59.604 92.377  7.679 63.674 87.181 65.136 92.164 96.996 61.072 54.066 54.927 59.083 80.736 30.470  9.436 22.387 69.264 70.804 83.613 
-1	74.253 -10.083 26.420 41.354  2.108 50.559 91.330 43.645 58.976 17.489 26.283 30.754 69.994 31.503 29.594 32.154 -15.670 62.657 68.860 81.811 39.219 41.135 33.008 92.175 44.530 18.144 46.745 77.388 55.660 55.306 18.263 48.867 75.262 92.992 38.099 82.383 57.010  9.212 43.225 94.794 
 1	84.487  8.472 -34.577 82.615 -97.376 75.472 57.160 42.613 82.050 48.290 88.698 60.179 10.762 75.348 72.064 68.116  9.764  6.432 -52.116 85.910 78.890 99.413 -18.790 67.549 74.951 58.776 25.995 94.826 40.807 64.736 -59.788 68.475 51.052 46.180 61.896 -40.033 -48.932 88.626 87.594 22.549 
-1	98.796 -11.322 29.524 72.155 -52.406 27.438 71.859 73.349 64.112  8.051 52.010 17.580 86.846 35.361 10.300 82.728 -21.442 92.990 -76.236 66.702 47.367 84.688 -12.532 37.685 27.086  6.477 79.026 16.243 38.636 43.616 -12.441 96.322 55.619 97.580 14.140 -61.536 -84.582 37.462 89.584 60.922 
-1	15.645 -10.034 25.571 59.824 -69.427 18.671 64.272 52.053 89.178  2.627 60.243  4.738 81.630  1.036 32.931 19.207 -22.646 83.312 -61.193 82.062 45.548 66.033 -26.245 29.409 49.371 68.610 13.951 92.456 19.732 77.938 -25.890 67.843 28.152 57.122 27.888 -29.748 -38.734 65.364 15.132  3.829 
-1	87.115 -11.554 29.352 31.492 60.741 94.383 59.085 18.702 76.079 56.222 60.789  2.100 66.517 93.273 86.097 91.800 -19.154 82.135 19.888 77.544  6.532 82.929 35.206 97.970 65.722 77.903 76.313 41.719 43.976 11.440 61.223 64.366 78.072 35.132 28.965  2.255 100.640 45.575 33.050 53.234 
 1	77.127  9.998 -31.794 16.138 61.100 81.830 74.238 44.713 78.870 41.836 85.805 27.702 61.488 96.888 52.297 51.334  4.136 76.479 17.296 24.690 31.219 27.819 72.145 43.934 83.223 99.260 76.611 32.898 28.841 32.353 24.502 42.318 44.344 13.178 42.901 59.855 23.211 37.257 51.248 48.599 
 1	70.280  9.926 -34.884  8.370 -39.291 33.757 78.121 27.893 38.801 23.351 50.596 37.046 99.902 64.221 37.107 64.925  7.147 69.746 -90.480 48.034  1.875 12.204 -28.534 15.589 81.294 33.563  8.456 57.084 77.431 96.730 -80.606 66.567 85.706 52.202 91.115 -75.113 -77.091 54.118 89.379 48.315 
 1	49.581  9.469 -33.524 15.845 22.608 87.428 21.659 92.027 72.297  6.358 72.665 89.349  2.685 39.994 25.126 31.028  9.017 79.955 68.071 54.075 41.849 31.425 95.362 93.501 47.950 22.949 19.998  2.086 39.419 86.215 14.793 92.103 68.346  7.881 58.868 51.815 58.983 60.519  0.255  0.589 
-1	22.501 -11.825 27.612 77.890 -44.188 73.782 96.111 96.316 33.079  1.357 91.097 16.745 78.223 81.122 60.237 53.873 -22.627 89.926 -50.514 32.896 65.445 35.898 -66.213 14.399 73.538 75.946 30.635 43.895 99.492 87.113 -24.953 57.983 53.234 57.622 61.992 -87.528 -50.784 15.782 94.869  7.001 
 1	70.660  9.282 -31.791  3.216 -39.781 14.105 22.453 80.106 74.217 78.114 89.929 67.603 67.138 20.871 65.830 94.026  9.438 51.977 -20.934 34.781 20.570 17.787 -108.306 91.427 65.773 86.645 54.016 36.679 48.520 27.218  7.028 14.252  2.457 97.531 59.689 -26.807 -38.399 81.331 31.714 56.831 
 1	11.779  8.975 -32.838 85.960 17.012 21.686 57.570 82.768 18.300 66.709 90.555 78.701 90.256 78.349  2.977 74.441  8.035 23.308 69.053 60.773 16.270 94.444 16.771 93.408 83.613 74.697 91.005 91.177 47.262 53.708 33.800 22.141 71.123 94.715  1.499 85.960 35.983 27.171 34.828 96.698 
-1	27.207 -10.730 29.546 15.650 -29.692 26.929 55.146 23.447 25.756 27.867 70.845 15.861 71.968 11.993 14.336 11.325 -15.745  0.469 -76.588 91.283 69.540 45.799 -6.584 87.110 57.204 50.270 36.585 27.364 21.981 52.271  0.240 60.708 95.045 10.148 22.936 -85.380 -78.549 23.346 56.441 76.823 
-1	46.025 -11.867 27.124 35.628 -65.584 98.837 65.150 57.843 12.317 40.767 97.750 68.382  7.385 27.370 99.962 78.211 -13.572 38.028 -73.861 14.573 98.180 95.856 -50.583 30.097  5.857 57.716 82.820 37.377 56.272 21.867 -18.130 13.117 24.123 42.261  1.605 -47.157 -28.333 76.453 34.496 97.605 
-1	 9.864 -10.332 26.394  0.363 -17.193 93.944 73.557 51.997 40.774 32.623 68.276 34.484 41.926 57.674 12.816 86.660 -19.727 55.001 -86.575 63.509 64.796 90.382 -44.619 99.089 79.332 29.206 26.679 91.178 47.937 36.862 -8.467 73.950 11.148 66.445  8.943 -35.441 -2.663 48.422 51.910 23.632 
 1	32.420  9.045 -32.254 87.011 25.776 51.871 35.773 82.245 60.014 89.895 52.140 64.877 90.894 46.923 49.810 49.433  3.389 43.997  9.425 87.619 63.959 92.559 78.363 29.213 21.787 51.378 96.131  7.218 68.021 65.026 44.826 50.982  3.764 80.923 69.485 49.346 90.315  5.851 33.572 34.567 
-1	48.043 -11.632 25.670  0.484 55.411 87.831 46.766 70.210 86.069 40.906 77.016 71.036 14.811 92.600 58.543 84.386 -14.162 60.615 95.949 53.924 83.968 66.432 46.251 25.983 93.798  4.380 89.455 10.462 50.350 27.866 38.578 37.282 12.883 86.160 56.014 81.428 -2.341 16.754 16.720 85.528 
-1	25.605 -11.850 26.196 79.829 -96.766 21.652 98.817 58.313  6.482 64.736 78.035 48.643  9.084 53.536 12.094 19.816 -18.866  9.338 -60.447 75.652 75.589 87.317 -55.127 51.041  3.632 39.321 91.706 66.465 63.042 76.795 -44.534  5.298 96.792 76.687 56.433 -46.563 -67.055 99.441 45.001  6.925 
-1	18.516 -10.547 26.546 27.529 -82.908 92.220 42.624 47.852 74.238 70.435 34.207 57.577 50.799 30.394  2.382 41.134 -20.144 43.595 -30.239 48.033 33.525 71.542 -55.905 37.631 88.486 86.401 74.375 66.006 98.019 14.403 -20.244 96.413 51.662 84.242  0.444 -97.499 -76.116 79.080 24.772 55.518 
 1	63.434  9.768 -32.712  3.839 -97.834 90.097 70.647 37.316 55.075  9.409 12.354 17.083 44.140 54.733 94.955 54.736  4.189 97.025 -53.028 55.042 79.078 39.961 -58.400 86.734 20.305 81.605 82.510 82.710 77.894 57.694 -50.138  4.419 59.246 75.621 64.090 -0.129 -76.660 49.310 79.277 67.195 
 1	98.738  8.271 -34.113 23.029 39.137 12.199 22.960 87.675 47.077 35.023 56.384 35.083 83.252  0.116 63.129 48.415  5.212 23.980 30.286 32.550 39.207 14.104 40.358  7.198 99.425 65.221 45.718 15.402  7.387 93.959 47.177 93.969 73.528 56.709 62.741 82.106 84.278 74.004 95.813 49.474 
 1	83.141  8.697 -30.602 63.959 -2.475 65.340  7.981 18.660 48.164 70.539 22.025 43.691  3.577 63.418 65.211 85.548  6.520 66.174 11.516  4.904 92.394 50.595 -101.042 74.870 35.794 24.440 64.768 71.513 71.475  7.524 -35.808 16.329 53.135 60.017 58.124 -39.489 -17.559 14.441 47.599 65.400 
 1	60.069  9.900 -33.858 22.596 -20.837 50.124  2.153 43.678 20.914 45.931 34.436 59.568  8.323 68.605 69.890 56.308 12.735 15.854 -0.836 77.541 85.045 35.215 -48.361  4.812 99.980 99.563 35.161 11.281  2.344 55.058 -100.003 99.765 94.816 12.266 75.725 -52.781 -77.370  4.104 17.323 20.414 
 1	20.348  8.398 -32.782 11.112 -16.070 90.305 99.522 42.446 66.618 60.680  1.241 95.615 98.795 42.853 33.337 85.148 12.102 31.527 -85.500 71.630 40.196 57.494 -54.144 23.773 16.063 49.471  3.767 87.190 23.323 86.365 -31.327 10.079 38.123 33.441 13.321 -85.398 -13.988 15.096 69.555 18.443 
-1	26.687 -10.005 26.664  8.501 -17.027 79.830 45.620 82.954 61.142 21.020  3.570 72.394  3.645 30.796 74.683 43.873 -16.169  6.445 -73.959 78.969 40.638 73.107 -102.345 96.476 68.179 63.886 44.385 56.133 72.111 25.509 -59.004 82.434 56.533 97.123 45.708 -62.355 -99.165 75.406 31.281 85.933 
 1	55.328  8.875 -34.041 56.696 24.097 15.553 65.345 65.709 98.073 53.581 20.211 74.788 22.737 48.195 64.884 34.837 12.706 24.811 99.861 84.649 14.570 45.323 98.405 91.413 73.317 83.712 47.670 65.980 87.063 28.100 58.433 68.620 10.505 51.139  5.862 32.521 36.314 27.249 33.810  2.304 
 1	 3.884  9.907 -32.385 86.171 72.558  7.337 78.269 36.011  7.996 40.198 78.478 66.398 91.821 90.912 94.032 39.970  3.266 43.694 47.625 97.158  5.336 97.961 51.769 62.414 58.634 23.217 81.936 43.651 24.182 67.792 77.733 95.925 63.035 32.042 75.410 64.639 -5.577 15.719 18.015 23.000 
 1	96.993  9.339 -31.911 12.647 -88.509 14.939 48.632 40.518 61.253 31.376 64.430  0.873 79.938 10.288  1.689 32.178  3.030 70.104 -97.233 26.353 52.566 77.596 -10.157 98.085 22.021 83.899 45.358 51.824 13.252 16.441 -109.340 48.495 36.898 55.296 75.676 -34.164 -24.416 27.186 95.763 77.823 
 1	20.996  9.641 -34.470 72.947 -51.936 69.789 83.610 33.381 77.245 37.341  9.339 54.439  9.895 51.070 40.356 19.938 11.703 90.881 -40.124  1.789  8.780 20.494 -0.643 96.934 28.278 12.964 23.507 66.974 80.724 33.351 -71.118 78.798 71.007 34.426 28.239 -68.761 -21.023 10.574 22.939 44.914 
 1	46.922  8.679 -30.461 18.870 -71.982 74.755 34.357 44.802 28.042  4.501 21.232 14.994 30.029 10.531 93.424 42.982  8.104  6.624 -103.531  9.709 83.589 31.684 -97.474  9.233 46.529 68.014 47.394 36.333 67.708 23.501 -83.889 75.502 71.761 64.549 57.748 -29.587 -19.142 10.521 74.555 52.178 
-1	70.941 -10.531 25.622 17.019 -89.146 38.008 49.252 56.188  1.124 11.787 52.926 49.272 73.380 90.514 92.091 88.334 -14.765 35.738 -86.920 38.342 15.211 20.954 -44.183  2.705 64.053 97.248 85.905 70.158 76.571 77.566 -39.132 72.283  5.876 58.734 66.070 -83.639 -32.964 52.056 87.472 75.723 
 1	40.123  9.464 -33.724 16.581 73.887 54.468 23.360 56.756 11.850  1.548 60.335  2.535 92.634 91.492 73.974 59.889 10.823 26.953 83.342  1.891 36.190 86.332 27.596  4.843 32.311 38.465 63.344 22.171 30.835 43.205 45.077 26.462 89.323 40.932 12.779 23.888 78.752 20.705  9.834 64.782 
-1	25.713 -11.251 25.437 80.010 -31.239 31.033 33.120 91.533  5.512 36.045  1.524 15.005 98.503 13.115 19.081 79.114 -22.245 90.006 -84.975 74.976 27.045 78.546 -54.065 67.289  2.945  1.102 89.586 91.589 52.913 38.061  8.804 68.840 93.152 26.256 77.638 -68.354 -62.368 11.477  4.391 75.061 
-1	26.567 -10.768 26.884 46.287 -56.382 39.454 36.534 67.825 74.894 69.822 31.443 92.043 19.734 22.683 97.307  4.604 -19.279 12.526 -64.825 38.554 32.505 21.824 -62.249 82.705 44.207 60.354 73.933 75.381 57.326 64.323 -61.554 93.232 85.552 13.784  0.875 -48.079 -5.632 76.998 91.959 66.785 
 1	31.446  8.840 -34.189 86.801 38.659 94.778 52.788 24.331 93.356 72.596 28.002 45.628 64.426 74.294 71.562 87.693  4.658 74.276 13.395 50.052 59.214 29.165 33.505 32.510 69.180 65.699 37.349  2.291 79.878 71.462 38.750  9.025 18.638 71.352 81.564 25.577 48.473 88.607 92.140 41.675 
-1	96.687 -11.899 27.334 30.232 -23.305 61.604 95.196 96.208  3.815 25.862 79.805 48.133  9.935 20.282 30.966 20.378 -18.795 96.914 -42.040 90.410 33.872 87.733  2.445 46.769 31.988  0.233 64.473 37.831 85.646 91.752 -54.272 57.228 31.306 45.350 59.592 -30.220 -8.415 13.241 89.569 11.722 
-1	58.409 -10.246 27.935 26.571 -110.318 81.805 18.067 58.577 13.652 83.444 61.218 12.294 20.007 58.402 78.840  2.167 -13.111  6.179 -56.669 44.819 20.021 35.355 -75.441  9.748 10.954 58.792  7.050 74.366 70.738 30.877 -41.046 57.900 42.344 84.565 98.313 -78.548 -69.193 74.886  9.768 31.452 
-1	17.546 -11.400 29.547 22.411 62.693 55.907 15.846 89.741 18.085 50.122 49.702 24.507 33.662 11.960 31.211 87.752 -14.912 62.369 23.246 32.051 49.846 93.506  7.454 15.478 47.737 16.238 81.409 51.861  6.134 37.476 75.939 82.528 40.268  3.893 21.464  6.055 62.372 45.219 89.025 12.805 
-1	 4.735 -11.888 26.051 94.029 -12.942 28.457 52.952 22.921 86.310 46.917 41.128 93.715 75.042 35.671 78.980 77.420 -21.879 57.076 24.385  7.099 33.437 80.722 39.245 71.628 20.115 11.340  6.124 55.236 28.234 89.923 29.304 33.321 10.014 30.004 43.952 16.491 37.322 72.999 19.611 70.382 
 1	32.343  8.348 -34.642 85.200 29.564 81.066 95.499 42.904 36.583 17.344 53.916 77.510 18.052 14.394 89.307 84.678 12.235  5.136 50.738 92.228 85.984 85.804 39.487 56.542 68.544 11.831 81.541 27.898 33.837 71.291 105.432  0.632 27.644  8.041 46.287 54.665 58.524 75.164 65.171 68.428 
 1	33.532  8.714 -31.673 56.936 68.032 15.389 22.798 92.801 55.625 15.216 11.430 49.678 64.837 17.727  0.102 94.142 10.295 84.276 87.306 78.432 61.846 52.830 69.014 75.452 95.590 78.272 95.853 63.973 21.115 94.464 66.851 67.123 37.670 20.187 38.353 -6.212 64.566 74.571 21.881  4.007 
 1	46.445  8.156 -30.945  3.524 96.768 87.583 81.149 61.648 82.972 46.854 51.678 34.633 18.252  7.038 11.582 52.907 11.229 73.615  7.483 21.191 97.308 31.841 27.424 88.466 84.736 79.479 58.564 68.553 76.327 35.575 50.254 23.951 99.360 11.651 39.016 75.834 45.732 77.127  8.430 87.349 
 1	55.331  9.698 -33.036 51.792 82.808 27.263 45.143 85.993 59.504 29.927 14.188 82.204 62.101 28.976 21.356  7.974 12.889 80.596 56.209 70.414 37.498 83.698 73.868 55.134  7.110  5.334 19.889 61.585 72.666 59.876 84.342 86.683 42.723 20.515 26.254  6.159 105.736 75.118 46.135 65.041 
 1	86.419  8.940 -33.830 98.091 -24.412 98.024 71.379 35.784  5.285 57.432 39.801 16.780 75.584 63.011 34.074  2.380  3.186 56.160 -13.761 21.377 81.538  0.797 -61.179 94.073 57.237  4.229 55.315 43.565 44.131 47.715 -11.814 85.098 26.934 93.943 44.854 -68.979 -99.990 73.183  6.547 97.608 
 1	22.776  9.589 -30.392 67.386 -58.125 63.135 50.482 55.299 75.763 96.169 31.577 20.023 24.595 80.601  5.966 12.707  9.492 90.393 -60.344 69.558 13.163 75.892 -82.024 45.812 27.876 18.048 33.692 81.896 12.208  2.202  3.930 97.849  4.273 26.935 41.417 -91.574 -75.809 39.012 17.500 21.537 
-1	53.976 -10.180 27.343 85.055  3.545 20.422 65.959 54.966 73.310 93.653 28.714 46.071  8.871 23.104 78.876 62.333 -14.231 55.623 41.682  1.414 15.483 35.622 12.635 87.583 49.372 47.817 15.341 57.891 70.014 20.028 15.771 82.426  1.289 15.377 60.388 51.038 51.341 99.645 14.987 22.497 
-1	52.351 -10.914 29.670 16.645 98.888 53.389 90.857 74.857 61.539 73.403 33.610 96.288 83.471 93.923  8.121  5.563 -14.381 63.618 17.648 83.164 75.766 59.165 20.782 34.614 38.994 48.376 17.766 35.869 97.435 28.597 87.180  4.931  1.541 65.575 46.866 58.029 79.178  3.147 18.000 61.995 
 1	18.091  8.011 -33.751 37.849 -73.702 79.385 46.979 60.739  3.809 80.437 96.118 95.485 53.694 17.021 17.377 23.454  5.392 45.885 -44.728 81.722 61.408 48.921 -46.517 24.472 91.825 79.083 92.798 17.709 32.257 19.508 -73.869 89.091  9.988 41.552  3.916 -43.150 -2.927 77.687 81.478 39.784 
 1	18.643  8.302 -34.255  7.914 -1.223 64.836 77.566 50.471 37.479 19.572 55.059 86.999  7.814 19.078 76.145 55.088  6.247 21.241 -39.758 83.499 78.786  9.682 -74.879  8.228 66.432 37.965 76.188 84.312 79.210 54.187 -1.816 34.501 63.638 60.482 15.327 -15.110  0.118 89.930 74.878 53.766 
-1	99.384 -10.857 28.672 93.500 -63.641 75.241 19.082 10.865 37.785 49.976 88.129 30.133 47.477 44.355 18.338 49.495 -14.885 99.730 -4.614 75.424 80.795  4.789 -44.921 76.439 42.096 35.024 75.602 97.642  8.763 46.861 -46.709  8.968  4.801 14.127 47.641 -36.180 -75.878 23.990 94.360 38.514 
