1463 0
839 2
1292 0
794 2
15202 0
14660 2
1341 0
799 2
1286 0
788 2
947 0
735 2
28163 0
28139 2
14396 0
14288 2
21503 0
20879 2
18227 0
17729 0
3004 0
2380 2
17478 0
17370 0
17437 0
17363 2
21310 0
20812 2
34421 0
34313 2
21481 0
20857 2
28273 2
28271 2
14308 1.04093
14306 2
28682 0
28680 2
28165 2
14073 2
27804 2
28272 2
14307 2
28681 2
28230 2
14300 2
28639 2
28194 2
14297 2
28603 2
27753 2
13883 2
28207 2
14298 2
28616 2
28257 2
14303 2
28666 2
28149 2
14279 2
28454 2
869 0
734 2
14884 2
14659 2
14880 2
14655 2
13955 0.204494
14605 0
14585 0
13918 2
14109 0
13919 2
18008 0
17783 2
19508 0
19283 2
31838 0
31613 2
3536 0
3505 2
18944 0
18913 2
17813 0
17678 2
17376 0
17359 2
31014 0
31220 0
5040 0
4832 2
84 2
14779 2
14775 0
14725 2
14108 2
17903 2
19403 2
31733 0
3521 2
18929 2
17028 2
17153 2
31236 2
5039 2
946 2
15201 2
15182 2
14892 0
14592 2
14607 0
18407 2
19825 2
32190 0
3598 0
19021 2
17890 0
17383 2
31258 2
5047 2
960 2
15215 2
15185 2
14895 2
14595 2
14610 2
18448 2
19843 2
32208 2
3601 2
19039 0
17908 2
17386 2
31261 2
5050 2
274 2
14199 2
15184 2
14894 2
14594 2
14609 2
17133 2
19838 2
32203 2
3600 2
19034 2
17385 2
31260 2
5049 2
896 2
15053 2
15049 0
14857 2
14587 2
14602 2
18177 2
19677 2
32007 2
3563 2
18971 2
17840 2
17378 2
31253 2
5042 2
962 2
15217 2
15187 0
14897 2
14597 0
14612 2
18455 2
19850 2
32215 2
3603 0
19046 0
17915 0
17388 2
31263 2
5052 2
883 2
14975 2
14971 0
14844 2
14586 0
14601 2
18099 2
19599 2
31929 2
3550 2
18958 2
17827 2
17377 2
31252 2
5041 2
919 2
14009 2
14005 2
14589 0
14604 2
18298 0
18633 0
32128 0
3586 0
18994 2
17863 0
17380 2
31255 2
5044 2
953 2
15208 2
15183 2
14893 0
14593 0
14608 2
18428 2
19832 2
32197 0
3599 2
19028 2
17897 2
17384 2
31259 2
5048 2
961 2
15216 2
15186 0
14896 2
14596 2
14611 0
18452 2
19847 0
32212 2
3602 0
19043 2
17912 0
17387 2
31262 2
5051 2
445 2
14370 0
14366 0
14316 0
14280 2
17494 0
31324 2
3109 0
18517 2
17389 0
16963 2
30824 2
4642 0
598 2
14523 2
14519 2
14469 2
14432 2
14433 2
17647 2
19147 2
31477 2
3488 2
18896 2
17542 0
17342 2
31203 2
5021 2
938 2
15193 2
15181 2
14891 0
14591 2
14606 2
18379 2
19817 0
32182 2
3597 2
19013 2
17882 2
17382 2
31257 2
5046 2
964 2
15219 2
15189 2
14899 2
14599 2
14614 2
18458 2
19853 2
32218 2
3605 2
19049 2
17918 0
17390 2
31265 2
5054 2
965 2
15220 2
15190 2
14900 2
14600 0
14615 2
18459 2
19854 2
32219 2
3606 2
19050 0
17919 2
17391 2
31266 2
5055 2
929 2
14195 0
14145 0
14590 2
18343 2
19808 2
30963 2
3299 2
19004 0
17873 0
17381 2
31256 0
5045 2
963 0
15218 2
15188 0
14898 2
14598 2
14613 0
17323 2
18823 0
31153 0
3604 2
18707 2
17218 0
31264 2
5053 2
28676 0
28781 2
13947 0
14732 2
14815 0
14920 2
14296 0
14322 2
30883 0
31668 2
17858 0
17963 2
32419 0
33204 2
17026 0
17811 2
17861 0
17966 2
29221 2
14836 2
15358 2
14310 0
14424 2
31758 2
18293 2
33264 2
17913 2
18308 2
29220 0.169914
14835 2
15357 0
14309 0
14423 0
31757 0
18292 2
33263 0
18307 0
1077 0
462 2
14733 0
28498 0
28561 2
14642 0
14705 2
14954 0
15017 2
14958 0
15021 2
15106 0
14349 2
28620 0
28158 2
14324 0
13884 2
14338 0
13885 2
14663 0
14284 2
14979 0
14329 2
14959 2
14972 2
13993 0
15116 2
13967 0
13970 2
13995 0
14185 2
1101 0
300 2
14968 0
14989 0
13969 2
29102 0
28842 2
14998 0
27837 0
27726 2
4328 0
4594 2
18108 0
17416 0
19367 0
18917 2
19655 0
18960 2
18036 0
17407 2
31779 0
31251 2
18193 0
17433 2
17373 0
16962 2
3643 0
3115 2
31538 0
31219 2
5592 0
5067 2
17770 0
17367 2
31567 0
31221 2
19332 0
18911 0
31968 0
31276 0
19626 0
18952 2
18285 0
17448 0
17408 0
17411 2
17237 0
18041 2
31017 0
31296 2
5115 0
5137 2
17074 0
18206 0
17047 0.000845
17050 2
31900 0
31922 2
17240 2
17286 2
17057 0
16946 2
18078 0
30398 0
29370 2
871 0
13935 0
14758 0
27797 2
15097 0
14756 2
15067 0
14752 2
14384 0
14301 0
14001 2
15126 0
15132 0
1107 2
29135 2
15031 2
1138 0
1171 2
1282 0
1479 2
15142 0
15339 0
14363 0
14401 2
28223 0
28261 2
17825 0
18556 2
19369 0
17816 2
30890 2
17842 2
4277 0
3971 2
17859 2
17809 2
31715 0
19344 2
31665 2
18916 2
17015 2
18047 2
18212 2
4730 0
4736 2
31928 2
18111 0
2678 0
2711 2
30431 2
15510 0
15516 2
15762 0
15795 2
29592 0
29630 2
14978 2
15122 2
13976 2
14355 2
14358 0
14330 2
14333 0
15141 2
15137 2
1137 2
15013 2
29153 2
17417 2
31302 2
5167 2
18236 2
17056 2
31952 2
18077 2
18372 2
31933 2
5118 2
17077 2
31903 2
18217 2
28156 0
28159 2
420 0
423 0
13938 2
14647 2
1297 2
14772 2
28495 2
14951 2
15091 2
16125 0
16128 2
2265 0
2268 2
3951 0
3987 2
4313 2
17794 0
17779 2
17676 0
17673 0
31970 0
31955 2
19454 0
19439 2
19365 0
19362 2
18093 2
29226 0
29227 0
14246 0
15381 0
15366 0
15367 0
14228 0.584062
15335 0
15330 0
15331 0
14321 0
14932 0
500 2
1307 0
15156 0
406 0
655 0
217 0
141 0
14319 0
14921 0
28260 0
28089 0
410 0
693 0
791 0
14292 0
14121 0
29641 0
30771 0
17492 0
17493 0
31025 0
31362 0
5159 0
5160 0
5177 0
5178 0
3580 0
4387 0
4837 0
4761 0
17438 0
31254 0
31816 0
1946 0
2195 0
17355 0
17184 0
17341 0
17525 0
1396 0
1395 2
15356 0
14235 0
29031 0
28050 2
15271 0
14211 0
15171 0
14190 0
1256 2
1337 2
1099 0
1119 0.388392
28504 0
28533 2
14161 0
14621 0
179 0
829 2
15005 0
14626 0
15204 0
14662 2
14229 0
1178 0
1207 2
28898 0
28927 2
1268 0
1397 2
1279 0
1444 2
1294 0
1493 2
14649 0
14708 2
14965 0
15024 2
18235 2
4352 0
4351 0
7841 0
7840 2
18621 0
18620 2
24411 0
23430 2
19791 0
18810 2
34081 0
33896 2
21331 0
20350 2
18016 0
17231 2
5892 0
5891 2
7288 0
7287 0
7312 0
7311 2
18001 0
18000 2
4117 0
4116 2
5696 0
4911 2
8316 0
8315 2
10231 0
10230 2
24207 0
24206 2
21127 0
21126 2
9870 0
9869 2
31455 0
31454 2
3795 0
3323 0
3213 0
4343 2
16655 0
16728 2
17723 0
17743 2
4225 0
3846 2
21165 0
20786 2
20389 0
20281 2
6099 0
5475 2
32145 0
31603 2
24579 0
23955 2
4559 0
3935 2
34249 0
34141 2
6470 0
7346 2
4930 0
5806 2
18614 0
19753 0
6294 0
7433 2
4092 0
4142 2
5629 0
5658 0
5630 0
5667 0
9523 0
10257 2
4357 0
4513 2
18615 0
19762 2
6295 0
7442 0
23108 0
23242 2
30017 0
30027 2
1280 2
1295 2
14650 0
14966 2
28484 0
28485 2
954 0
955 2
884 0
885 2
28539 0
28540 2
14624 0
14625 0
789 0
790 2
18105 0
18109 2
5586 0
4896 0
17789 0
17793 2
5929 0
5933 2
10766 0
10772 2
20867 0
20871 2
7603 0
7607 2
7467 0
7471 2
24621 0
23301 2
4242 0
3385 2
5926 0
4950 2
6062 0
4980 2
4510 0
4511 2
6111 0
4995 2
18045 0
18046 0
14088 0
13898 2
14277 0
13881 2
14492 0
14264 2
14168 0
14339 2
16978 0
16941 2
32757 0
32361 2
17168 0
7738 0
7701 2
18897 0
18501 0
31028 0
30838 2
17419 0
16965 2
15163 0
15119 0
28879 0
28835 2
767 0
758 2
14703 0
1439 0
1333 2
9743 0
9734 2
3222 0
18243 0
18199 2
18622 0
18613 2
5728 0
5719 2
19588 0
19579 2
6638 0
6629 2
18104 0
18056 2
10817 0
10808 2
23659 0
23611 2
31648 0
31600 2
18991 2
3513 0
3504 2
20553 0
20527 2
6663 0
6654 0
9277 0
9268 2
6693 0
6667 2
17450 2
3613 0
3587 2
6619 0
7221 2
23636 0
24560 2
6704 0
7647 2
9787 0
9616 2
6710 0
7662 2
20557 0
21486 2
9698 0
10294 2
6620 0
7227 2
6696 0
7620 2
6700 0
6529 2
6703 0
7641 2
9699 0
10301 2
9759 0
10636 2
9790 0
10742 2
23619 0
24496 2
9808 0
9447 2
20588 0
20227 2
24676 0
24866 2
24679 0
25208 2
23626 0
24517 2
38529 0
39023 2
23319 0
23262 2
24663 0
25088 2
9696 0
10277 2
9703 0
9532 2
6626 0
7242 2
34321 0
34812 2
20468 0
20297 2
20543 0
20372 2
20239 0
20182 2
1419 0
295 0
1007 2
723 0
644 2
1057 0
999 2
14539 0
14496 2
815 0
772 2
264 0
782 2
1417 0
1206 2
15277 0
15066 2
15252 0
15061 2
3479 0
4333 2
16484 0
16405 2
16019 0
16006 2
2236 0
2178 2
6578 0
6565 2
3895 0
3852 2
18835 0
19689 2
3435 0
4289 2
4785 0
4932 2
6037 0
5826 2
22979 0
22767 2
20018 0
19729 2
20510 2
34406 0
34363 2
23670 0
23591 2
33759 0
33547 2
20546 0
20503 2
20563 0
20505 2
37530 0
37451 2
19899 0
19687 2
6686 0
6643 2
1373 0
1028 0
924 0
864 0
1264 0
1008 0
1083 2
103 0
14833 0
14731 0
14063 0
14151 0
1313 0
1015 2
14878 0
13953 0
4058 0
3953 0
4828 0
4913 0
5703 0.554598
4723 1.24622
20014 0
19557 0
21768 0
21853 0
9809 0
9704 2
33874 0
33417 0
3223 0
3363 0
23669 0
23564 0
6664 0
6614 0
19798 0
19497 0
6625 0
6374 0
1331 2
1342 0
14992 2
15003 0
14331 2
14335 0
528 2
545 0
14388 2
14405 0
1260 0
28997 2
29014 0
13744 0
13268 2
25920 0
25550 2
12851 0
12767 2
11994 0
11678 2
26711 0
26627 2
7339 0
7050 2
11276 0
11219 2
7170 0
7023 2
7426 0
7064 2
25097 0
25076 2
12837 0
12761 2
11297 0
11221 2
12853 0
12769 2
12847 0
12763 2
10271 0
10105 2
11237 0
11216 2
11811 0
11645 2
27211 0
27045 2
13702 0
13253 2
12162 0
11713 2
11980 0
11672 2
26697 0
26621 2
25124 0
25078 2
26022 0
25573 2
10936 0
11050 2
27606 0
27130 2
26713 0
26629 2
26707 0
26623 2
27227 0
27053 2
7360 0
7052 2
24316 0
24000 2
10622 0
10173 2
3607 2
3618 0
6677 2
6681 0
3591 0
21397 2
21414 0
17297 2
17124 0
21341 2
21345 0
18272 2
18289 0
25173 0
25089 2
25687 0
25513 2
26637 0
26616 2
41071 0
40905 2
1164 2
469 2
475 2
1358 2
1508 2
14411 2
3594 0
3639 2
494 0
454 0
14656 0
15123 0
14877 0
14776 0
14726 2
14203 0
14153 2
14781 0
14201 0
1261 0
14868 0
5883 0
5637 2
4963 0
17454 0
17404 2
4097 2
3544 2
17693 2
19527 2
18773 2
32137 0
31847 2
17086 0
17961 2
3349 0
3944 2
4003 0
5648 0
21903 0
9754 0
33707 0
23614 0
19743 0
6615 0
1038 0
865 2
1009 0
14791 0
1271 0
14869 0
4013 0
4973 0
19892 0
21913 0
9764 0
33752 0
3214 0
23624 0
6655 0
6616 0
617 0
589 2
607 0
14460 0
14103 0
654 0
14467 0
3682 0
4865 0
5237 0
19196 0
21805 0
9656 0
33056 0
3315 0
23516 0
6566 0
19136 0
6563 0
653 2
232 0
614 0
242 2
14474 0
14102 2
1022 0
28792 0
27917 2
94 0
1025 2
13962 0
952 0
1474 0
1464 2
15387 0
29201 0
29186 2
15152 0
15146 2
97 0
1052 0
367 2
14819 0
14813 2
1299 0
1293 2
14874 0
14189 2
20062 0
20072 2
3685 0
3708 2
20628 0
20684 2
6767 0
6813 2
20634 0
20262 2
9845 0
9868 2
31789 0
31104 2
4088 0
4340 2
17965 0
17280 2
16427 0
16762 2
29442 0
29436 2
16881 0
16866 2
16352 0
16346 2
3180 0
3370 2
16314 0
16308 2
17951 0
616 2
711 2
14571 2
1344 0
28107 2
1027 2
14152 2
927 2
1387 2
15267 2
29109 2
15127 2
1054 0
1471 2
14788 2
15167 2
20074 2
3710 2
20686 2
6815 2
20731 2
31963 2
4342 2
18302 2
15742 2
29607 2
16789 2
16327 0
4152 0
16304 2
18229 2
648 2
609 2
674 2
14534 2
1322 0
29127 2
1020 2
881 2
1143 2
15023 2
28865 2
14962 0
1032 0
14742 2
1103 2
15130 2
20067 2
3703 2
20679 2
6808 2
20694 2
9863 2
31926 2
4335 2
18265 2
16727 2
29561 2
16545 2
16281 2
4115 2
16277 2
18207 0
14973 0
14741 2
917 0
82 2
14738 0
13936 2
1100 2
1124 0
14974 0
1272 0
28827 2
28556 0
878 2
729 0
28819 2
28518 0
14618 2
13923 0
28486 2
27791 0
7260 2
7284 0
19594 0
17263 2
17088 0
24355 2
24423 0
8963 2
9052 0
6484 2
6318 0
10249 2
10273 0
10513 2
10637 0
5653 0
4096 0
4141 0
17931 0
17692 0
17801 2
17665 0
19462 2
19228 0
19343 2
19348 0
8717 0
8762 0
16286 2
16137 0
5532 2
5577 0
32063 2
32152 0
17817 2
17843 2
16518 2
16202 0
14882 2
13957 0
14183 2
14846 2
14011 2
14886 0
921 2
14721 0
18197 2
30947 2
31822 0
18283 2
17993 0
4197 2
4070 0
14143 0
14871 0
15121 0
910 0
14737 0
17076 0
32057 0
18228 0
4186 0
14915 0
15006 0
15227 0
972 0
14747 0
18230 0
18416 0
4248 0
15115 0
14983 0
931 0
14739 0
32122 0
18328 0
4207 0
14147 0
15117 0
15203 0
948 0
17266 0
31137 0
17118 0
4224 0
14603 0
14643 0
14661 0
736 0
17726 0
31597 0
17768 0
3845 0
28264 0
14304 0
28673 0
28132 0
14262 0
28318 0
28249 0
14302 0
28658 0
28274 0
28683 0
28240 0
28649 0
28219 0
14299 0
28628 0
28180 0
28589 0
28275 0
28684 0
908 0
14588 0
32073 0
3575 0
18983 0
17852 0
17379 0
5043 0
29116 0
14792 0
15255 0
14382 0
31728 0
18263 0
33255 0
17871 0
18266 0.347446
14977 0
13975 0
15140 0
1136 0
15028 0
31301 0
5142 0
18211 0
17055 0
31927 0
18076 0
18320 0
443 2
949 0
28178 2
28774 0
449 2
975 0
15128 2
14184 2
134 2
13997 2
14872 0
14077 2
14314 0
4651 2
16964 0
17403 0
18020 0
17392 2
18503 2
18928 0
31272 2
31945 0
19651 0
4347 2
4112 0
19748 2
19513 0
18208 2
17973 0
32085 2
31850 0
22845 2
22610 0
32667 2
32628 0
15898 2
15859 0
18978 2
18939 0
17952 0
28182 0
14850 0
15004 2
14165 0
1476 2
202 0
31946 2
14356 2
14377 2
15241 0
14988 0
17443 2
18255 0
17434 2
18202 0
31314 2
32170 0
17473 2
18391 0
5174 2
6135 0
18297 0
31329 2
32238 0
17414 2
18098 0
538 0
695 2
1473 0
14913 0
13961 0
15148 2
906 2
447 0
14274 2
14417 0
722 2
1528 0
656 0
1308 0
28436 2
29242 0
1529 0
658 2
1310 0
14933 0
15157 0
142 0
14922 0
29199 0
694 0
792 0
14715 0
1113 2
1117 0
14987 0
15245 2
28861 0
28871 0
3538 2
3542 0
19019 2
18705 0
17888 2
17216 0
18923 2
18927 0
17398 2
17402 0
4655 0
19199 2
20005 0
17656 0
18462 0
3497 2
3640 0
18895 2
19038 0
19200 2
20006 0
33059 2
33865 0
19135 2
19787 0
33055 2
33861 0
21804 2
21947 0
17655 2
18461 0
5339 2
6145 0
19201 2
20007 0
4388 0
4762 0
18237 0
31817 0
2196 0
17659 0
17526 0
5743 2
5747 0
17097 2
17101 0
6005 2
6015 0
18262 0
4420 2
4430 0
17737 2
17741 0
31561 2
31565 0
5445 2
5455 0
19621 2
19631 0
18084 2
17245 0
32095 0
22855 0
18845 2
18665 0
18399 2
17315 0
23019 2
21935 0
15299 2
15242 0
15238 2
14016 0
5144 0
17446 0
31317 0
17410 0
31934 2
18065 2
17239 0
28134 0
418 0
28277 0
15234 2
14376 0
15223 2
14371 0
15057 0
15076 0
14947 0
15060 0
5035 0
18471 0
17502 0
19048 0
18465 2
17498 0
4450 0
3593 0
5111 0
17422 0
31284 0
31889 0
18028 0
15133 2
14213 0
1266 2
1382 0
503 0
235 2
433 0
14644 2
14673 0
14516 2
14105 0
14393 0
1956 0
17516 2
17588 2
17617 0
17532 2
31704 2
18195 2
18268 0
16682 2
31143 0
17167 0
14318 2
14399 0
29195 0
691 0
1056 2
214 2
1073 0
712 0
27916 0
14056 0
499 2
1300 2
329 0
14412 2
17996 2
18410 0
3622 2
4560 2
4551 0
19561 2
20001 0
3305 0
5491 2
3619 0
5085 2
22434 2
22526 0
5683 2
5698 0
5006 0
4161 2
6121 2
6112 0
5679 0
5693 0
5081 0
3288 2
3468 0
22129 2
22119 0
22878 2
22868 0
18984 2
18980 0
19029 2
19025 0
5184 2
19978 0
19971 0
22533 2
19793 0
19786 0
3493 0
35870 2
35866 0
8267 2
8258 0
33253 2
33249 0
19788 0
19458 2
19448 0
19456 2
19447 0
20017 0
19191 0
29646 0
17497 0
3631 2
3304 0
28550 2
27792 0
370 2
262 0
28481 0
27780 0
27831 0
27970 0
111 2
250 0
1146 2
1535 2
1175 0
14061 2
15027 0
562 0
477 0
14361 2
14328 0
1367 2
512 0
28826 0
14425 0
14340 0
15345 0
15351 0
14404 0
15319 0
15325 2
15317 0
15149 2
15285 0
29016 2
29152 0
15147 2
15283 0
530 0
15125 2
15199 0
15196 0
1275 2
1384 0
28992 2
29101 0
496 0
14456 2
14807 0
14462 2
14828 0
15168 0
431 2
432 0
1151 2
1152 0
14406 0
14407 0
14085 2
14422 0
225 2
13895 2
13896 0
5450 2
4692 0
17006 2
16943 0
19241 2
18540 0
3841 2
3140 0
17701 2
17000 0
19310 2
18552 0
4615 2
4255 0
6132 2
5779 0
5012 2
4927 0
17142 0
17503 2
17418 0
18252 2
18048 0
17441 2
16661 2
16499 0
18042 0
4241 0
5092 0
19032 2
18954 0
31168 2
31944 0
17321 2
18097 0
9165 2
8842 0
30746 0
31346 0
17479 2
17476 0
16685 2
16821 0
4756 2
5896 0
3219 2
4359 0
18257 2
18393 0
30937 2
32077 0
5116 0
2040 0
19065 2
19327 0
17633 2
18411 0
5335 2
6141 0
17632 2
32924 2
33186 0
17540 0
17906 0
5295 2
6026 0
19058 2
19290 0
31394 2
31730 0
18210 0
17849 0
17775 2
17776 0
18085 0
19632 0
18400 0
23020 0
18666 0
32886 2
32887 0
17486 2
17487 0
16975 0
16976 0
543 0
1484 0
15346 2
553 2
1511 0
1519 2
1512 2
1522 0
201 0
501 2
330 0
28266 2
28095 0
728 0
419 0
28140 0
1540 0
1506 2
196 0
1490 2
1495 0
1319 0
29255 0
399 0
334 0
14426 2
27757 2
27721 0
15360 2
14408 0
13892 0
3500 0
17400 2
18006 0
19992 0
19540 0
22024 2
22637 0
6142 0
32906 2
33871 0
23094 0
19792 0
4823 0
18899 0
17360 0
18475 0
3651 0
20019 0
4604 0
19037 0
17326 0
9170 0
18405 2
22097 2
22098 0
19945 2
19950 0
4544 2
3447 0
18446 2
17136 0
31352 2
31357 0
31356 2
31361 0
17484 2
17485 0
33878 0
19797 0
33873 0
21767 0
18473 0
6158 0
18877 0
3646 2
3116 0
28787 2
28757 0
15347 2
15256 0
14379 0
523 0
28788 2
28758 0
1515 2
1415 0
903 2
922 0
1257 2
27921 0
652 0
14565 0
14552 0
14510 0
14508 0
14268 0
28732 2
28988 0
17998 2
17396 0
19548 2
19518 0
19995 2
19895 0
18007 2
17977 0
4952 2
5015 0
23097 0
19047 0
20012 0
3990 2
4051 0
33316 0
5595 0
18203 2
18310 0
5117 2
16766 0
3574 2
18415 0
3492 0
5034 0
19018 2
18890 0
3486 0
17590 0
31295 0
49 0
611 0
27836 2
23 0
13891 0
539 0
1531 2
1370 2
513 0
55 0
152 2
151 0
332 2
395 0
719 0
721 0
1381 0
1451 0
15250 0
1376 0
497 0
650 0
28288 0
427 0
29253 0
14808 2
14834 0
14464 0
14667 0
14554 0
14378 0
14387 0
546 0
14336 2
28864 2
28259 2
28256 0
17551 0
3490 0
3773 0
19096 0
5023 0
22149 0
5232 0
5235 0
3696 0
5320 0
3325 0
21976 0
22216 0
18886 0
18891 0
19179 0
22160 0
19134 0
19472 2
18932 0
18504 0
18481 0
18505 0
32818 2
32365 0
4447 2
3592 0
32789 2
32363 0
18515 0
18894 0
4611 2
17354 0
3291 0
35822 0
8114 0
32932 0
19082 0
19080 0
19455 2
19452 0
18533 0
4002 2
4001 0
32167 0
18875 2
18872 0
19795 2
20011 0
5935 2
6151 0
5986 2
4961 0
19195 0
32583 0
22275 0
5011 2
4821 0
21891 2
21951 0
3422 2
4446 0
19742 2
19846 0
18724 0
33657 2
32547 0
19752 0
18832 0
33602 2
32682 0
19769 2
18849 0
19761 2
18841 0
19737 2
19824 0
19736 2
19816 0
18216 2
18365 0
4346 2
4461 0
19735 2
19807 0
4353 2
4495 0
1950 0
17661 0
17658 0
17520 0
17611 0
17536 0
31727 0
16826 0
17481 0
3112 0
15939 2
15936 0
269 0
79 0
28643 2
27808 0
14793 0
14795 0
1347 2
14671 2
14730 0
14783 2
15368 0
15016 0
4052 0
5591 0
3167 0
3357 0
19391 0
33251 0
19386 0
19385 0
31712 0
19384 0
16722 2
4401 2
4006 0
18271 2
17876 0
19053 0
31389 0
17547 0
31663 0
18013 0
17954 0
32108 0
17440 0
31359 0
17491 0
14383 0
27807 2
27756 0
14831 0
35 0
440 2
28 0
14291 0
14285 0
13940 2
13889 0
17911 2
17862 2
17453 0
3995 2
4011 2
30886 2
30835 0
17019 2
16968 0
19401 2
18992 0
33261 2
32852 0
17462 0
17855 2
28101 2
28786 0
14220 2
14905 0
1437 2
1043 0
119 2
1131 0
13977 2
14138 0
1168 2
1412 0
28605 2
28651 0
14167 0
28841 2
28895 0
15226 2
15391 0
15232 2
15398 0
29177 2
29181 0
14036 2
14040 0
1345 0
15212 0
28522 2
28575 0
14712 0
28837 2
28888 0
889 2
935 0
86 2
87 0
29055 2
29056 0
15307 2
14221 0
28571 2
27981 0
20137 2
21149 0
20363 2
20038 0
16519 2
15753 0
20327 2
20373 0
16287 2
16333 0
18833 0
21139 2
4193 2
4226 0
5731 2
5749 0
19802 2
19870 0
7527 2
6552 0
18287 2
18423 0
4424 2
10568 2
9593 0
7530 2
6555 0
32265 2
32276 0
4545 2
4556 0
18426 2
18437 0
9101 2
9112 0
6006 2
6010 0
32193 2
18264 2
3838 2
3847 0
21188 2
21432 0
20907 2
20953 0
35055 2
35299 0
17880 2
17881 0
4415 2
4416 0
19420 2
19421 0
8980 2
8981 0
18650 2
18651 0
3991 0
18220 2
18221 0
18251 2
17271 0
17730 2
17731 0
28337 2
28804 0
15343 0
677 2
14471 2
14917 0
708 2
1520 0
237 2
165 0
28410 2
29189 0
14215 0
15695 0
1912 0
18332 0
3753 2
4485 0
6389 0
3758 2
4500 0
6568 2
6577 2
6731 0
20430 2
459 2
463 0
14418 0
374 2
197 0
14919 2
28164 2
28168 0
6708 2
6726 0
7653 2
7685 0
2934 2
2947 0
16354 2
16367 0
2600 2
2616 0
1999 2
2003 0
17808 2
17812 0
7222 2
7240 0
7147 2
7151 0
7557 2
7575 0
6031 0
21171 2
21187 0
18999 2
19003 0
10364 2
10368 0
31732 0
3238 2
3242 0
9788 2
9806 0
9713 0
9717 0
25793 2
25811 0
7563 2
7538 0
34404 2
34397 0
11818 2
23654 2
23629 0
20247 2
23617 0
25104 2
24867 2
6543 2
7599 0
11133 2
11175 2
12231 0
6387 2
25203 2
25171 0
11346 2
11312 0
25032 0
26088 0
26052 2
26020 0
21402 0
26743 2
12357 2
12350 0
12295 2
12218 0
11848 2
11823 0
12886 2
12852 0
27260 2
27226 0
40603 2
40571 0
27711 2
27627 0
12844 2
12784 2
12777 0
13358 2
13351 0
12613 2
13367 0
26572 2
27628 0
27592 2
27560 0
26533 2
27562 0
12338 2
12682 0
26653 2
26725 0
27331 2
27671 0
27304 2
27574 0
25773 2
26070 0
11085 2
11166 0
27285 2
26509 0
27342 2
26376 2
25802 2
24836 2
11079 2
10940 0
23405 2
23486 0
11909 2
12188 0
11948 2
12302 0
13449 2
13728 0
25767 2
26046 0
11918 2
12224 0
11916 2
12222 0
13488 2
13842 0
11256 0
11337 0
27306 2
26530 2
12619 2
12480 0
26655 2
26404 2
26650 2
26701 0
26656 2
26737 0
12796 2
12877 0
12625 2
12706 0
12788 2
12820 0
27286 2
27486 0
11902 2
12159 0
24222 2
24479 0
27487 2
27459 0
13231 2
13225 0
27287 2
27281 0
13592 2
13586 0
12822 2
12816 0
12052 2
12046 0
13206 2
13200 0
13448 2
13442 0
11887 2
11881 0
12626 2
13457 0
13491 2
13458 0
12525 2
13771 0
11132 2
12161 0
11111 2
12061 0
26055 2
7432 2
6322 2
6316 0
20537 0
27595 2
12195 2
10942 2
12843 2
11303 2
25551 2
25545 0
27147 2
27119 0
25947 2
25919 0
21327 2
21299 0
20522 2
20516 0
20578 2
20550 0
38697 2
38859 2
7667 2
7596 0
26147 2
26076 0
26047 2
26019 0
7562 2
34433 2
34409 0
25193 2
25169 0
24670 0
26216 2
26210 0
507 2
1332 0
442 2
937 0
14658 0
10812 2
11002 0
11299 2
11128 0
9542 0
6688 2
6517 0
6669 2
6498 0
24669 2
25159 0
24641 2
24672 0
10805 2
11253 0
9265 2
20461 2
20948 0
7537 0
20043 2
20464 0
3520 2
3998 0
3525 2
4033 0
24665 2
25113 0
9455 2
9352 0
23574 2
24249 0
20441 2
20782 0
23133 2
23644 0
17369 2
17773 0
18949 2
17364 2
17738 0
5130 2
5968 0
23128 2
23609 0
36993 2
37504 0
23125 2
23573 0
18901 2
19242 0
33902 2
34308 0
31562 0
3549 2
4194 0
10807 2
11281 0
9708 2
10346 0
9738 2
10535 0
6641 2
7344 0
6628 2
7266 0
10391 0
6646 2
7389 0
20431 2
20719 0
20556 2
21479 0
6705 2
7651 0
6635 2
7322 0
6627 2
7254 0
20425 2
20662 0
34418 2
35350 0
20528 2
21363 0
20489 2
21137 0
9751 2
10601 0
9715 2
10402 0
10814 2
20424 2
20649 0
23572 2
24244 0
34290 2
34572 0
1330 2
1414 0
1121 2
1170 0
13968 2
1478 0
1388 0
145 2
1326 0
298 2
3425 2
3474 0
34549 2
34598 0
20689 2
20738 0
20695 0
20642 2
39161 2
39192 0
4410 2
4494 0
21342 2
21408 0
34993 2
35024 0
20167 2
873 2
13946 0
870 2
966 0
27952 2
28335 0
753 2
852 0
28309 2
28320 0
750 2
846 0
276 0
17529 2
3356 0
7033 2
7132 0
20123 2
21097 0
7233 2
7682 0
24933 2
10317 2
9442 0
24177 2
23302 0
19095 2
18723 0
18581 2
18771 0
17557 2
17791 0
16136 0
17513 2
17524 0
3824 2
3881 0
5646 2
18301 0
17040 2
18011 2
153 0
323 0
1328 0
915 0
1255 0
667 0
593 0
647 0
28235 2
28175 0
14429 2
1084 0
1539 2
1082 0
1454 2
1047 0
1537 2
1080 0
1452 2
1046 0
15388 2
15224 2
14885 0
24518 2
24138 0
20545 2
20476 0
10660 2
10280 0
7580 2
7200 0
9240 2
8784 0
9018 2
18313 2
17968 0
17511 2
17406 0
10653 2
10276 0
9020 2
8719 0
6154 2
5697 0
18204 2
17948 0
6143 2
5691 0
4389 2
4094 0
22873 2
22575 0
6156 2
5699 0
5020 2
4915 0
7578 2
7198 0
21436 2
21057 0
15007 2
1416 2
1037 0
1418 2
1480 2
1534 2
1536 2
1079 0
28867 2
28706 0
1176 2
994 0
18079 2
17925 0
4507 2
4121 0
10623 2
7873 2
7986 0
6324 2
6445 0
21411 2
21052 0
7576 2
7197 0
6033 2
5656 0
5789 2
5610 0
18598 2
18761 0
18116 2
17934 0
8854 2
8687 0
8830 2
8684 0
3198 2
3361 0
19627 2
19466 0
31954 2
31787 0
22958 2
22593 0
19610 2
19464 0
19619 2
19465 0
19863 2
19511 0
6038 2
6074 2
455 0
340 0
28160 0
6674 0
7523 0
2865 0
16320 0
2566 0
1995 0
17804 0
7188 0
7143 0
7488 0
5946 0
18986 0
10351 0
3415 0
9709 0
25759 0
14736 2
14749 0
1098 2
309 0
1244 2
390 0
322 2
20 0
19356 2
20097 2
20110 0
19372 2
19415 0
34779 2
34857 0
8788 2
8831 0
5827 2
6039 0
6292 2
6482 0
25539 2
25617 0
5873 2
5019 0
5862 2
6149 0
24769 2
25891 0
24770 2
25893 0
25889 2
26178 0
7413 2
6559 0
5716 2
5795 0
8796 2
8875 0
17046 2
17059 0
11047 2
11682 0
9362 2
10449 0
10132 2
10175 0
34659 2
34737 0
21271 2
20417 0
16182 2
15664 0
1071 2
615 0
29211 2
28419 0
386 2
243 0
15010 2
14486 0
114 2
233 0
584 0
28520 2
28297 0
14976 2
14482 0
18431 2
17639 0
5746 2
5243 0
24508 2
23777 0
4486 2
3755 0
3466 2
7324 2
6791 0
21542 2
20736 0
11853 2
11397 0
7231 2
6775 0
16164 2
15974 0
3890 2
3658 0
18066 2
17563 0
21009 2
20625 0
3709 0
21091 2
20635 0
14126 2
14745 0
1248 0
13866 2
115 2
305 0
765 2
260 0
14110 2
28001 2
28710 0
17206 2
5866 0
18034 0
30806 2
30915 0
6155 0
18597 2
19648 0
5612 2
13974 2
15022 0
14953 2
15100 0
14841 2
14863 0
10408 2
10125 2
9516 0
11907 2
11131 0
20135 2
20325 0
5507 2
4176 2
4326 0
3956 2
3978 0
3700 2
3722 0
8290 2
8300 0
23979 2
24031 0
9915 0
4853 2
5249 0
17545 2
17555 0
6269 2
20129 2
21147 0
10999 2
10943 0
12539 2
12483 0
12839 2
13717 0
26699 2
27577 0
24859 2
24803 0
11304 0
26708 2
27613 0
26037 0
25157 0
12321 2
12345 2
12798 0
25164 0
25114 2
25799 0
25110 2
25769 0
10813 2
11334 0
20507 2
21257 0
20540 2
21423 0
9710 2
10369 0
10809 2
34347 2
34976 0
11258 0
24666 2
25131 0
23583 2
24307 0
37443 2
38167 0
20506 2
21251 0
21227 0
23420 0
6379 0
6323 0
37179 2
37123 0
20183 2
23453 0
20544 2
20568 2
20397 0
20539 2
21417 0
1448 0
923 2
942 0
29046 2
29100 0
14129 2
15195 0
1380 0
18366 0
18322 0
17857 2
18316 0
17866 0
16321 2
16340 0
1407 2
1443 0
14790 2
14799 0
28599 2
28600 0
470 2
471 0
520 2
529 0
1402 2
1438 0
3240 2
4459 0
7919 2
8217 0
5141 2
5150 0
7566 2
7602 0
23622 2
23631 0
4649 2
4650 0
5076 2
5077 0
5143 0
5152 0
20951 2
20960 0
6682 2
6691 0
7296 0
5657 0
5666 0
3612 0
162 2
219 0
456 0
14940 2
17102 2
17159 0
17752 2
17365 0
19292 0
18905 0
31552 2
32863 2
32369 0
17506 2
16977 0
19517 2
18936 0
95 2
96 0
285 0
1031 0
10 2
156 0
14114 2
14666 0
28465 2
28466 0
14906 0
18321 0
17761 0
518 0
14817 2
14323 0
17889 2
17480 0
17399 0
31756 2
31347 0
31771 2
20030 2
20176 0
6170 2
7542 0
9510 2
10166 0
10790 2
11706 0
10170 2
10179 0
24028 2
24037 0
23370 2
24026 0
24494 2
24530 0
10366 2
10375 0
9761 2
9770 0
7090 2
7099 0
10647 2
10683 0
6601 2
6602 0
9459 2
9757 0
9735 2
9736 0
7065 0
10144 2
10145 0
7441 0
10172 2
10181 0
10377 0
7092 2
7101 0
10119 2
10120 0
35004 2
35013 0
6459 2
7282 0
34038 2
35257 0
20178 0
33890 2
34036 0
9403 2
20962 0
249 0
14074 0
14023 2
163 2
353 2
14087 2
4711 0
19247 2
19221 0
19609 2
21056 0
17293 2
17978 0
34443 2
34342 0
17464 2
28541 0
14997 0
14995 0
15239 0
31558 2
31560 0
4191 2
4202 0
1040 0
502 2
495 0
568 2
526 0
324 0
7144 0
19507 2
19500 0
19352 2
19345 0
19402 2
19395 0
24218 2
24211 0
19598 2
19591 0
7333 2
7291 0
23216 2
23209 0
22732 2
22690 0
19653 2
19611 0
5936 2
5894 0
6159 2
6040 0
5187 2
5145 0
18642 0
4846 2
32788 2
32781 0
18757 2
19412 0
18811 2
4881 2
5432 0
19271 2
19264 0
19587 2
19580 0
19246 2
19239 0
19217 2
19210 0
36306 2
36299 0
519 0
17288 0
20355 0
117 0
215 0
1159 0
14334 0
3558 0
307 0
478 0
383 0
14414 0
3307 0
1267 0
1011 0
9910 2
9920 0
37636 2
37653 0
6769 2
6771 0
19534 0
22941 2
22985 0
19882 2
19946 0
36827 2
36891 0
19869 0
19880 2
19944 0
19887 0
19951 0
19515 2
19532 0
4966 2
4786 0
6905 2
6907 0
4905 2
5652 0
4782 2
6009 0
5651 2
5661 0
19861 2
19905 0
6022 2
6086 0
19858 2
19902 0
7985 2
8732 0
4776 2
5996 0
8731 2
8741 0
4089 2
4091 0
3175 2
3177 0
37770 2
37787 0
18640 2
19867 0
6414 2
6967 0
745 0
784 0
743 0
9819 0
37545 0
6733 0
19232 0
22381 0
19322 0
36267 0
19320 0
19230 0
4875 0
6219 0
5365 0
5366 0
19301 0
5462 0
19298 0
8445 0
5426 0
8446 0
3823 0
3329 0
37029 0
6224 0
1016 0
9925 0
37204 0
6776 0
18772 0
21921 0
18862 0
35807 0
19987 0
18867 0
19552 0
4791 0
6912 0
4972 0
5002 0
19918 0
8737 0
6001 0
8746 0
3182 0
37807 0
6972 0
