Native score = 113.914
Mutated score - native score = -2.75025

Residue   score(native)  score(mutated)  diff(mutated-native)  

19	   0		0		0
20	   3.01828		3.01828		0
21	   2.96447		2.94978		-0.0146878
22	   4.63035		4.67902		0.0486695
23	   3.25873		3.46875		0.210018
24	   11.5476		11.0291		-0.518523
25	   5.003		4.5688		-0.434196
26	   3.87935		3.65041		-0.228938
27	   12.2431		11.6063		-0.63687
28	   7.46033		7.42267		-0.0376652
29	   4.92753		4.92753		0
30	   5.18881		5.18881		0
31	   6.36096		5.7359		-0.62506
32	   10.7493		9.32023		-1.42906
33	   3.96269		3.97186		0.00917082
34	   3.16985		3.16985		0
35	   14.552		14.2638		-0.288177
36	   5.93732		5.69257		-0.244745
37	   5.27116		5.27116		0
38	   7.2496		7.2496		0
39	   20.3512		20.3512		0
40	   9.28544		9.28544		0
41	   3.95048		3.95048		0
42	   5.04828		5.04828		0
43	   8.16316		8.16316		0
44	   2.50025		2.50025		0
45	   3.40695		3.40695		0
46	   9.7213		9.7213		0
47	   4.84468		4.84468		0
48	   10.8863		10.6622		-0.224129
49	   5.9344		5.46158		-0.472825
50	   9.1862		7.76523		-1.42098
51	   8.37229		7.77801		-0.594277
52	   5.36572		5.2397		-0.126019
53	   5.82596		5.82596		0
54	   4.29737		4.29737		0
55	   4.7786		4.7786		0
56	   1.41216		1.41216		0
57	   6.87977		6.87977		0
58	   1.17233		1.17233		0
59	   0.881761		0.881761		0
60	   3.90585		3.9795		0.0736467
61	   2.37587		2.58611		0.21024
62	   3.02563		3.16601		0.140379
63	   6.14512		6.28171		0.136594
64	   6.17429		6.17429		0
65	   8.43785		8.43785		0
66	   17.6112		17.6112		0
67	   9.60621		9.60621		0
68	   20.1583		18.6726		-1.48577
69	   13.9052		13.4077		-0.497474
70	   14.8396		13.92		-0.919562
71	   6.012		6.012		0
72	   1.75082		1.75082		0
73	   2.08052		2.08052		0
74	   5.12194		4.81434		-0.307604
75	   6.59166		5.90145		-0.690215
76	   16.486		15.6975		-0.788439
77	   6.97708		6.97708		0
78	   4.9639		4.9639		0
79	   4.26471		4.31933		0.0546206
80	   16.3094		16.1789		-0.130542
81	   5.61157		5.61157		0
82	   11.6503		11.7202		0.0698614
83	   8.0101		8.17167		0.161571
