Total score = 206.327

Residue   score    # neighbors 	 list of neighbors 

   1	  4.6078	   8	2 3 5 7 55 59 83 85 
   2	  2.6862	   6	1 3 55 56 59 83 
   3	  3.8877	   7	1 2 4 5 54 55 56 
   4	  2.9896	   7	3 5 6 54 55 56 57 
   5	   6.659	   9	1 3 4 6 7 54 55 85 87 
   6	  10.849	  12	4 5 7 52 53 54 55 85 86 87 88 89 
   7	  15.198	  13	1 5 6 8 9 53 55 58 59 83 84 85 86 
   8	  12.309	  14	7 9 10 50 51 52 53 58 82 83 84 85 86 90 
   9	  13.424	  13	7 8 10 11 50 51 58 62 80 81 82 83 84 
  10	  7.1086	  10	8 9 11 12 48 49 50 80 81 82 
  11	  24.129	  18	9 10 12 13 26 39 47 48 49 50 51 61 62 65 79 80 81 94 
  12	  7.7736	  12	10 11 13 14 42 44 46 47 48 49 79 81 
  13	  24.605	  15	11 12 14 15 17 22 26 46 47 65 69 75 78 79 80 
  14	  9.3365	  12	12 13 15 17 44 45 46 75 76 77 78 79 
  15	  8.6314	  11	13 14 16 17 45 46 73 74 75 76 77 
  16	  2.8082	   9	15 17 18 19 20 72 73 74 76 
  17	  13.625	  12	13 14 15 16 18 20 22 45 46 47 73 75 
  18	  8.5668	  12	16 17 19 20 22 23 41 42 43 45 46 47 
  19	  3.7824	   8	16 18 20 21 22 23 41 72 
  20	   7.285	  10	16 17 18 19 21 22 23 70 72 73 
  21	  4.5691	   8	19 20 22 23 25 70 71 72 
  22	  19.855	  17	13 17 18 19 20 21 23 25 26 39 41 47 65 69 70 73 75 
  23	  6.8917	  14	18 19 20 21 22 24 26 39 40 41 47 96 97 98 
  24	 0.83034	   6	23 25 26 27 28 96 
  25	   7.425	  12	21 22 24 26 28 29 64 68 69 70 71 72 
  26	  20.684	  20	11 13 22 23 24 25 27 28 29 30 39 47 51 61 64 65 69 70 94 96 
  27	  4.8191	  10	24 26 28 30 31 39 93 94 95 96 
  28	  5.0486	   9	24 25 26 27 29 30 31 32 64 
  29	  5.9169	  10	25 26 28 30 32 33 60 61 64 68 
  30	  12.009	  13	26 27 28 29 31 32 33 34 35 36 51 61 94 
  31	  3.2869	   8	27 28 30 32 34 36 93 94 
  32	  3.7623	   8	28 29 30 31 33 34 57 60 
  33	  7.4351	   9	29 30 32 34 35 57 58 60 61 
  34	  6.0714	  11	30 31 32 33 35 36 53 54 57 89 93 
  35	  15.334	  13	30 33 34 36 37 51 52 53 54 57 58 61 94 
  36	  9.0976	  12	30 31 34 35 37 52 53 89 91 92 93 94 
  37	  12.063	  12	35 36 38 39 49 50 51 52 91 93 94 95 
  38	  8.3424	  10	37 39 40 48 49 50 91 94 95 97 
  39	  17.498	  16	11 22 23 26 27 37 38 40 41 47 48 49 94 95 96 97 
  40	  7.1604	  11	23 38 39 41 42 43 47 48 49 97 98 
  41	  6.7245	  11	18 19 22 23 39 40 42 43 46 47 98 
  42	  8.1966	  10	12 18 40 41 43 44 45 46 47 48 
  43	   3.059	   7	18 40 41 42 44 45 48 
  44	  3.3937	   7	12 14 42 43 45 46 48 
  45	   4.771	   8	14 15 17 18 42 43 44 46 
  46	  12.542	  12	12 13 14 15 17 18 41 42 44 45 47 48 
  47	   21.42	  16	11 12 13 17 18 22 23 26 39 40 41 42 46 48 49 65 
  48	  9.2608	  13	10 11 12 38 39 40 42 43 44 46 47 49 50 
  49	  12.151	  12	10 11 12 37 38 39 40 47 48 50 51 94 
  50	  9.8795	  13	8 9 10 11 37 38 48 49 51 52 82 90 91 
  51	  23.134	  17	8 9 11 26 30 35 37 49 50 52 53 58 61 62 65 80 94 
  52	  9.6354	  13	6 8 35 36 37 50 51 53 58 86 89 90 91 
  53	  11.549	  13	6 7 8 34 35 36 51 52 54 55 58 86 89 
  54	  8.3109	  12	3 4 5 6 34 35 53 55 56 57 58 89 
  55	  11.709	  12	1 2 3 4 5 6 7 53 54 56 58 59 
  56	  4.8587	   9	2 3 4 54 55 57 58 59 60 
  57	   3.409	   9	4 32 33 34 35 54 56 58 60 
  58	  17.058	  17	7 8 9 33 35 51 52 53 54 55 56 57 59 60 61 62 83 
  59	  6.6497	  11	1 2 7 55 56 58 60 62 63 80 83 
  60	  7.9464	  13	29 32 33 56 57 58 59 61 62 63 64 67 68 
  61	  17.481	  14	11 26 29 30 33 35 51 58 60 62 63 64 65 94 
  62	  10.768	  12	9 11 51 58 59 60 61 63 65 66 80 83 
  63	  6.2746	   8	59 60 61 62 64 65 66 67 
  64	  11.133	  12	25 26 28 29 60 61 63 65 66 67 68 69 
  65	  22.009	  16	11 13 22 26 47 51 61 62 63 64 66 67 69 75 78 80 
  66	  5.3555	   9	62 63 64 65 67 75 78 79 80 
  67	  4.4175	   8	60 63 64 65 66 68 69 75 
  68	  2.9512	   8	25 29 60 64 67 69 71 73 
  69	  10.652	  12	13 22 25 26 64 65 67 68 70 71 73 75 
  70	  7.9425	   9	20 21 22 25 26 69 71 72 73 
  71	  3.7811	   7	21 25 68 69 70 72 73 
  72	  2.6943	   8	16 19 20 21 25 70 71 73 
  73	  7.2039	  12	15 16 17 20 22 68 69 70 71 72 74 75 
  74	  2.1085	   5	15 16 73 75 76 
  75	   13.83	  14	13 14 15 17 22 65 66 67 69 73 74 76 77 78 
  76	   3.081	   7	14 15 16 74 75 77 78 
  77	  3.5431	   6	14 15 75 76 78 79 
  78	  8.2176	   9	13 14 65 66 75 76 77 79 80 
  79	  5.0037	   9	11 12 13 14 66 77 78 80 81 
  80	  12.599	  13	9 10 11 13 51 59 62 65 66 78 79 81 83 
  81	  4.5699	   8	9 10 11 12 79 80 82 83 
  82	  2.9421	   7	8 9 10 50 81 83 84 
  83	  8.0584	  13	1 2 7 8 9 58 59 62 80 81 82 84 85 
  84	  4.7826	   7	7 8 9 82 83 85 86 
  85	  8.5055	   9	1 5 6 7 8 83 84 86 87 
  86	  9.2002	  11	6 7 8 52 53 84 85 87 88 89 90 
  87	   2.724	   6	5 6 85 86 88 90 
  88	  2.1659	   5	6 86 87 89 90 
  89	  6.2526	  11	6 34 36 52 53 54 86 88 90 91 92 
  90	  2.9497	   9	8 50 52 86 87 88 89 91 92 
  91	   6.693	  10	36 37 38 50 52 89 90 92 93 95 
  92	  2.2312	   6	36 89 90 91 93 95 
  93	  4.3174	  10	27 31 34 36 37 91 92 94 95 96 
  94	  17.828	  16	11 26 27 30 31 35 36 37 38 39 49 51 61 93 95 96 
  95	   7.381	  11	27 37 38 39 91 92 93 94 96 97 98 
  96	  4.8228	  10	23 24 26 27 39 93 94 95 97 98 
  97	  3.7341	   7	23 38 39 40 95 96 98 
  98	  1.0852	   6	23 40 41 95 96 97 
