  0.571517   0.715108   1.392651 
  2.406637   1.567389   1.201913 
  0.167507   0.097916   1.058787 
 -0.147668   0.266629   0.946900 
  1.216602   0.650401   0.836273 
  0.460801   0.583384   1.146438 
  1.186231   1.017761   2.229742 
  1.186666   0.759225   1.012257 
 -0.159369   0.195876   0.857405 
  1.145271   0.644891   1.023629 
  1.010200   0.707371   1.402348 
  0.552319   0.602658   1.231818 
  0.350904   0.499166   1.272241 
  0.370213   0.583868   1.162244 
  0.038105   0.105105   0.777040 
  0.400076   0.526882   1.301390 
  0.479021   0.528959   1.320876 
  0.963238   0.810782   1.285512 
  1.244260   0.780783   0.788219 
  0.702210   0.490450   0.877914 
  0.427031   0.519915   1.198293 
  0.113898   0.421738   1.213647 
  0.120645   0.491399   1.192713 
  0.499721   0.518481   1.075425 
  0.346214   0.497913   1.163344 
  0.266824   0.439336   1.076367 
  0.548555   0.583550   1.238432 
  0.098755   0.445351   1.136028 
  0.540963   0.627505   1.296530 
  0.488122   0.574046   1.248004 
  0.200667   0.421183   1.168574 
  0.244046   0.378139   1.072253 
  0.241838   0.530407   1.226311 
  0.248617   0.487746   1.094298 
  0.287512   0.461309   1.175373 
  0.335394   0.477629   1.178155 
  0.577011   0.606621   1.244584 
  0.453594   0.490529   1.016439 
  0.399277   0.450386   0.997092 
  0.915696   0.864420   1.374927 
  0.819556   0.757205   1.168613 
  1.304460   0.973897   1.231597 
  1.138940   1.101711   1.241505 
  1.382967   1.181344   1.346171 
  1.172606   0.945742   1.300258 
  0.972290   0.883234   1.191700 
  1.157607   0.895020   1.270202 
  1.234468   0.826934   1.153129 
  1.077708   1.047745   1.251476 
  1.135543   1.130692   1.273143 
  1.020914   0.990934   1.384772 
  1.058553   0.908573   1.243202 
  1.171402   1.112260   1.512924 
  1.121129   1.047713   1.324221 
  1.207575   0.953161   1.148837 
  1.351994   0.861644   0.988267 
  1.267952   0.980677   1.370066 
 -0.090234   0.070562   0.993256 
 -0.048204   0.207928   1.136633 
  0.074273   0.277255   1.034271 
  0.330751   0.279817   0.936475 
 -0.117532   0.241599   1.162099 
  0.357350   0.326518   0.966298 
 -0.154925   0.173056   1.087668 
 -0.036792   0.138123   1.011039 
  0.225308   0.285389   0.996429 
 -0.020430   0.182557   1.215877 
  0.036283   0.191028   0.890725 
  0.458057   0.350743   0.944739 
  0.152066   0.265971   1.072831 
  0.123867   0.267037   1.050459 
 -0.091836   0.203546   1.102319 
  0.103888   0.229269   1.152603 
  0.165734   0.227170   1.045999 
 -0.106213   0.107548   0.966766 
 -0.121118   0.165272   1.093729 
  0.200623   0.209852   0.824891 
 -0.124722   0.266174   1.189884 
  0.353977   0.499144   0.962810 
 -0.152548   0.266056   1.159803 
 -0.075687   0.210896   1.119819 
 -0.020287   0.225132   0.969504 
 -0.146028   0.183644   1.061286 
 -0.048894   0.278549   0.909454 
  0.431263   0.451054   0.902337 
 -0.027943   0.203236   1.024997 
 -0.032530   0.211243   1.042711 
 -0.162964   0.242866   1.166746 
  0.045750   0.148882   0.859599 
  0.058035   0.137944   0.862257 
  0.528524   0.512498   1.106871 
  0.637416   0.497646   0.969021 
  1.076712   0.561120   0.938370 
  0.315827   0.294518   0.873123 
  1.078226   0.563462   0.885873 
  1.060899   0.567544   0.689619 
  0.428830   0.420378   1.056203 
  0.629646   0.459329   1.129364 
  0.452647   0.375302   0.979046 
  0.442355   0.327443   0.854677 
  0.563772   0.532778   1.126617 
  0.616309   0.531875   1.084136 
  0.983612   0.562784   1.024333 
  1.077246   0.533518   0.761546 
  0.955317   0.573980   0.829540 
  0.348805   0.467907   1.085804 
  0.253840   0.421747   1.073219 
  0.126824   0.315882   1.058283 
  0.192516   0.368574   1.012820 
  0.302771   0.444269   1.101090 
  0.297078   0.439717   1.082997 
  0.264761   0.458587   0.991287 
  0.224565   0.338818   0.984756 
  0.258313   0.373415   1.019277 
  0.336166   0.511690   1.172558 
  0.349282   0.495241   1.130865 
  0.276748   0.420528   1.083699 
  0.379351   0.464441   1.064268 
  0.352243   0.468273   1.076649 
  0.420994   0.483901   1.238168 
  0.211668   0.236898   0.902831 
  0.426450   0.460581   1.167671 
  0.650106   0.580612   1.447397 
  0.466665   0.482034   1.073786 
  0.441817   0.507770   1.219097 
  0.407746   0.413084   1.134533 
  0.417619   0.377886   0.889066 
  0.521896   0.540156   1.064537 
  0.549153   0.501492   1.167574 
  0.459256   0.413185   1.128465 
  0.710061   0.619594   1.276783 
  0.670411   0.521158   0.880430 
  0.319997   0.434646   1.099073 
  1.089591   0.627598   0.966625 
  0.975256   0.626415   0.983037 
  0.319319   0.473222   1.182525 
  0.497000   0.412134   1.118798 
  0.344769   0.425895   1.032117 
  0.341395   0.374598   1.031332 
  0.455597   0.532474   1.166133 
  0.625969   0.604282   1.195614 
  1.041200   0.733743   1.070790 
  0.872663   0.456464   0.921716 
  0.845023   0.553781   0.948858 
 -0.131360   0.228767   1.129032 
 -0.146888   0.197540   1.050944 
  0.034410   0.250209   1.011182 
 -0.145668   0.093787   0.939068 
 -0.031798   0.203334   0.871629 
 -0.249731  -0.009087   0.606040 
  0.007509   0.207929   0.994365 
 -0.035568   0.177774   0.981459 
 -0.117397   0.235946   1.148244 
 -0.006648   0.171061   0.782333 
  0.146246   0.189133   0.835663 
  0.914559   0.574881   0.972393 
  0.264858   0.370675   1.125159 
  0.468170   0.435384   1.118067 
  0.414358   0.484058   1.112929 
  0.439484   0.421170   0.968267 
  0.399158   0.491172   1.121732 
  0.552043   0.521346   1.126363 
  0.976977   0.601104   1.023561 
  0.940762   0.490350   0.791737 
  0.814905   0.500802   0.857666 
  0.389373   0.424993   1.207490 
  0.512591   0.444957   1.124422 
  0.481528   0.522912   1.244324 
  0.411619   0.432493   1.041235 
  0.451146   0.480915   1.180143 
  0.559028   0.502029   1.134107 
  0.784434   0.612349   1.049601 
  0.944414   0.548113   0.839546 
  0.806205   0.522117   0.795376 
  0.283423   0.397058   1.328659 
  0.400103   0.403649   1.127902 
  0.285184   0.283296   0.922662 
  0.414423   0.466489   1.163099 
  0.410265   0.470938   1.116733 
  0.197981   0.372876   1.138464 
  0.398411   0.469927   1.134941 
  0.424262   0.433007   1.084288 
  0.266220   0.357167   1.175878 
  0.270548   0.298863   1.034307 
  0.217542   0.382673   1.093745 
  0.246881   0.388147   1.213739 
  0.234501   0.385343   1.150423 
  0.562288   0.522203   1.029453 
  0.495566   0.467364   1.048073 
  0.281738   0.369840   0.981001 
  0.285568   0.368280   1.097632 
  0.281608   0.390032   1.143294 
  0.200447   0.376598   1.134540 
  0.471740   0.417298   1.091066 
  0.357234   0.383271   0.945252 
  0.171617   0.219480   0.857956 
  0.166481   0.188812   0.869912 
  0.047213   0.203939   0.999163 
  0.328361   0.175370   0.672261 
  0.281266   0.168657   0.631296 
  0.355991   0.443107   1.200535 
  0.238204   0.403543   1.181306 
  0.345594   0.453676   1.129129 
  0.313381   0.414336   1.085393 
  0.383183   0.513300   1.228480 
  0.378085   0.373110   1.145732 
  0.356573   0.414694   1.043779 
  0.718758   0.489812   0.990743 
  0.676367   0.541518   1.037653 
  1.028086   0.538753   0.759843 
  1.065608   0.939262   1.257121 
 -0.053461   0.227180   1.079259 
 -0.148688   0.333167   1.139411 
  0.735812   0.517220   0.931731 
  0.316190   0.465393   1.068205 
  0.399231   0.460649   1.173194 
  0.759849   0.625146   1.128493 
 -0.191430   0.296382   1.107734 
  0.748407   0.619034   1.126766 
  0.670495   0.602310   1.199208 
  0.208767   0.383096   1.098026 
  0.206454   0.326364   1.079204 
  0.179099   0.475002   1.228945 
  0.098769   0.334063   1.035730 
  0.218470   0.388193   1.155036 
  0.285262   0.429790   1.116708 
  0.709761   0.641698   1.208571 
  0.737321   0.495350   0.910272 
  0.476546   0.431088   0.957235 
 -0.022203   0.250621   1.056470 
 -0.261247   0.126117   1.056854 
  0.932279   0.646894   0.899771 
  0.389385   0.528193   1.153294 
  0.887861   0.775839   1.447876 
  0.817432   0.611146   1.200425 
 -0.104094   0.171473   1.043506 
  0.800953   0.588868   1.004260 
  0.809106   0.669005   0.451132 
  0.273457   0.455835   1.280835 
  0.283774   0.427773   1.195876 
  0.160118   0.340909   1.240112 
  0.071634   0.220015   0.965088 
  0.346999   0.526217   1.354357 
  0.320872   0.494082   1.212958 
  0.739312   0.631167   1.206795 
  0.914351   0.633472   0.649683 
  0.608234   0.555404   0.878166 
 -0.202505   0.130504   0.980238 
  0.255266   0.413720   1.140586 
  0.253725   0.364608   1.036126 
  0.732042   0.530372   1.091577 
  0.200658   0.458936   1.241648 
  0.308063   0.377911   1.017873 
  0.149839   0.365206   1.149514 
  0.272896   0.425595   1.236929 
  0.377118   0.429388   1.097557 
  0.126211   0.314128   1.064915 
  0.221175   0.327032   0.856167 
  0.536151   0.361965   0.793987 
  0.294813   0.390605   1.166822 
  0.297966   0.365897   1.099049 
  0.169058   0.424835   1.231202 
  0.560882   0.535419   1.059485 
  0.455036   0.377622   1.063414 
  0.272038   0.324750   0.942543 
  0.080557   0.279209   0.945661 
  0.577186   0.449573   1.037700 
  0.215574   0.429096   1.171917 
  0.314518   0.476885   0.921348 
  0.226872   0.412087   1.094577 
  0.204760   0.413381   1.101562 
  0.221163   0.303233   1.065963 
  0.073830   0.229846   1.112889 
  0.137327   0.354335   1.033818 
  0.549145   0.417482   0.755697 
  0.142964   0.283770   1.009119 
  0.210937   0.285621   1.042977 
  0.151758   0.413904   1.200986 
  0.556499   0.312089   0.909859 
  0.406247   0.293362   0.879793 
  0.305788   0.439415   1.095232 
  0.605086   0.481720   1.113399 
  1.070659   0.592373   0.990925 
 -0.131626   0.132579   0.930964 
  1.057427   0.560020   0.864994 
  0.980345   0.643642   0.943214 
  0.280038   0.402108   1.188951 
  0.367902   0.393746   1.114484 
  0.223226   0.351265   0.941720 
  0.140968   0.133465   0.760690 
  0.304204   0.450677   1.216998 
  0.351139   0.459636   1.175900 
  0.886318   0.617101   1.104282 
  1.051021   0.599301   0.896851 
  0.772266   0.484099   0.795146 
  0.500111   0.547314   1.110422 
  0.458319   0.519440   1.153445 
 -0.004314   0.232015   1.150821 
  0.389527   0.441389   1.090460 
  0.466888   0.529983   1.137366 
  0.346383   0.465367   1.219074 
  0.284150   0.415582   1.225521 
  0.163163   0.307436   1.161578 
  0.213368   0.253530   1.018795 
  0.318603   0.482326   1.212887 
  0.340722   0.494065   1.190010 
  0.434388   0.507695   1.143141 
  0.687489   0.565730   1.166396 
  0.478453   0.477843   1.108685 
  0.467256   0.478492   0.982955 
 -0.159635   0.063919   0.862781 
  0.503511   0.453920   1.076743 
  0.645722   0.529796   1.021359 
  0.345386   0.387532   0.997994 
  0.298601   0.428008   1.193536 
  0.285397   0.385695   1.033006 
  0.207781   0.171331   0.612481 
  0.356201   0.413640   1.155480 
  0.377829   0.408262   1.034340 
  0.374524   0.432447   1.081041 
  0.867918   0.662722   0.998060 
  0.634597   0.433447   0.858567 
 -0.067517   0.245161   1.201165 
  1.067912   0.579311   0.938816 
  0.905165   0.590318   1.110145 
  0.232626   0.426493   1.225083 
  0.189969   0.293771   1.106231 
  0.195581   0.349256   1.193965 
  0.030239   0.157041   0.978067 
  0.249834   0.438518   1.232160 
  0.361592   0.502363   1.226876 
  0.965408   0.737984   1.180420 
  0.951476   0.468576   0.748028 
  0.676282   0.465202   0.996715 
  0.252942   0.392937   1.022032 
  0.234771   0.373386   1.112306 
  0.255528   0.372532   0.997729 
  0.023459   0.183254   1.052522 
  0.157895   0.324362   0.972605 
 -0.137637  -0.025229   0.623086 
  0.205457   0.341950   1.013402 
  0.215539   0.300485   1.020624 
  0.195941   0.418888   1.162420 
  0.458689   0.406831   0.701618 
  0.410941   0.333482   0.806539 
  0.878090   0.626195   1.065964 
  0.176404   0.354711   1.143874 
  0.245054   0.352040   1.192617 
  0.243477   0.452722   1.248768 
  0.132591   0.241726   0.931615 
  0.197659   0.394933   1.193110 
  0.298617   0.438948   1.202000 
  0.921765   0.648578   1.118603 
  0.957673   0.518881   0.537516 
  0.663017   0.420584   0.888109 
  0.257687   0.356269   1.093748 
  0.287113   0.329861   1.004859 
  0.269419   0.410629   1.204775 
  0.124201   0.187904   0.833894 
  0.244502   0.369056   1.141998 
  0.353638   0.415937   1.086628 
  0.797885   0.599443   1.147487 
  1.013230   0.667791   1.078020 
  0.726207   0.449441   0.910855 
  0.225288   0.324590   1.173664 
  0.349145   0.409332   1.108338 
  0.137413   0.150198   0.774891 
  0.359545   0.445552   1.138131 
  0.381165   0.443368   1.135341 
  0.228226   0.410868   1.157042 
  0.718257   0.661563   1.248917 
  0.487939   0.413288   1.054075 
  0.237652   0.409474   1.097612 
  0.157388   0.177485   0.854398 
  0.246607   0.407725   1.226979 
  0.284272   0.384473   1.174387 
  0.415078   0.472881   1.271547 
  0.881798   0.562035   0.946222 
  0.589291   0.477073   1.036772 
  0.176517   0.181567   0.795765 
  0.273182   0.402530   1.103561 
  0.349822   0.373244   1.055908 
  0.284492   0.414060   1.114247 
  0.723956   0.579219   0.973871 
  0.431853   0.368706   0.947082 
  0.253017   0.347051   1.005834 
  0.257446   0.291570   0.984815 
  0.269466   0.401525   1.117759 
  0.676941   0.412201   0.656209 
  0.508159   0.316213   0.759754 
  0.395211   0.442829   1.197317 
  0.389355   0.505641   1.164794 
  0.647233   0.568537   1.144610 
  0.455102   0.450221   1.108866 
  0.537595   0.630607   1.231429 
  0.654420   0.521121   0.876726 
  0.501432   0.429042   1.048482 
  0.847826   0.486987   0.973058 
  0.627668   0.451868   0.871703 
  0.822819   0.555496   0.694484 
  0.053914   0.303379   1.135621 
 -0.022709   0.262658   1.020050 
  0.569060   0.483237   1.030826 
  0.329928   0.461915   1.147353 
  0.321969   0.438081   1.106367 
  0.527131   0.497686   1.002825 
  0.030657   0.246562   0.980939 
  0.512793   0.490088   1.066690 
  0.513134   0.495828   1.070875 
  0.179007   0.321092   1.025398 
  0.285142   0.353665   1.072917 
  0.138325   0.362009   1.116634 
  0.157436   0.317348   1.001247 
  0.243534   0.413413   1.136805 
  0.297734   0.398181   1.127814 
  0.529862   0.517782   1.106438 
  0.521565   0.434786   1.001072 
  0.404248   0.445709   1.047078 
 -0.129776   0.226320   1.060032 
  0.072730   0.299367   1.109991 
  0.107646   0.314958   1.105393 
  0.226269   0.320165   1.015741 
  0.051323   0.355923   1.179237 
  0.139658   0.378228   1.038373 
  0.023675   0.345889   1.118923 
  0.074651   0.320686   1.098130 
  0.077524   0.299294   1.035541 
  0.038410   0.299629   1.169664 
  0.067661   0.318623   1.002383 
  0.305274   0.416907   1.016711 
  0.117599   0.322636   1.050317 
  0.117169   0.343077   1.102115 
  0.068111   0.356915   1.148454 
  0.168239   0.290249   1.062308 
  0.174052   0.301972   1.028809 
  0.033496   0.274472   1.004533 
  0.004610   0.292973   1.046628 
  0.131849   0.305474   0.977735 
  0.050522   0.351543   1.137700 
  0.126696   0.457975   1.130936 
  0.064313   0.383599   1.146473 
  0.050635   0.345523   1.134549 
 -0.011412   0.262713   1.025875 
 -0.000574   0.251679   1.016989 
  0.009325   0.367017   1.103906 
  0.286735   0.487544   1.126814 
  0.039283   0.280410   0.999199 
  0.045122   0.296226   1.027624 
  0.067004   0.363727   1.130205 
  0.144207   0.299183   1.037344 
  0.116480   0.275935   0.956499 
  0.318672   0.414982   1.022465 
  0.347803   0.381223   1.008716 
  0.670324   0.506557   1.030021 
  0.050556   0.256305   0.970562 
  0.691052   0.508589   0.992678 
  0.650235   0.494084   0.995488 
  0.184310   0.336505   1.072874 
  0.314501   0.344726   1.013264 
  0.214214   0.338562   0.978610 
  0.229226   0.320580   0.998071 
  0.292281   0.383512   1.070323 
  0.365367   0.406208   1.020933 
  0.632647   0.513711   1.035106 
  0.658603   0.490643   0.959191 
  0.573127   0.447724   1.017735 
  0.234685   0.384838   1.060422 
  0.303817   0.436514   1.094500 
  0.041915   0.314729   1.049634 
  0.281548   0.427433   1.118616 
  0.301934   0.431871   1.084482 
  0.195892   0.365402   1.089268 
  0.199806   0.357010   1.065788 
  0.146299   0.352909   1.047621 
  0.192099   0.367552   1.015649 
  0.235171   0.416774   1.134216 
  0.258798   0.426623   1.143319 
  0.326824   0.457060   1.101779 
  0.355382   0.394995   0.978655 
  0.300871   0.395922   1.023053 
  0.261053   0.370630   1.025714 
 -0.031472   0.189424   0.949536 
  0.291279   0.419454   1.072536 
  0.309250   0.406705   1.084615 
  0.144016   0.309324   0.975836 
  0.209581   0.356054   1.121355 
  0.156697   0.371568   1.086270 
  0.164493   0.326668   0.970337 
  0.231270   0.370679   1.005451 
  0.253113   0.368555   1.024917 
  0.282879   0.383518   1.028848 
  0.413025   0.400527   1.103268 
  0.377302   0.341927   0.967472 
  0.098775   0.342943   1.102128 
  0.705371   0.558595   1.040530 
  0.630697   0.541855   1.034369 
  0.153553   0.366472   1.090693 
  0.256633   0.325352   1.069063 
  0.197543   0.396454   1.113697 
  0.187809   0.351424   1.066891 
  0.262441   0.414384   1.165808 
  0.372186   0.450056   1.124756 
  0.702543   0.592749   1.165999 
  0.548554   0.404696   0.883600 
  0.505731   0.447273   0.964369 
  0.064278   0.351169   1.116421 
  0.025293   0.327278   1.131048 
  0.033844   0.303154   1.030111 
 -0.040974   0.211330   0.966507 
 -0.005650   0.329467   1.093782 
 -0.161030   0.199334   1.002780 
  0.022379   0.282618   0.952783 
  0.026310   0.271876   0.983875 
  0.087697   0.338186   1.076884 
  0.122680   0.260007   0.902851 
  0.120619   0.277528   0.936286 
  0.617769   0.557678   1.085951 
  0.126628   0.342049   1.079236 
  0.272033   0.359765   1.112986 
  0.229180   0.457030   1.161638 
  0.246999   0.438925   1.105774 
  0.245992   0.415423   1.138415 
  0.349514   0.449389   1.131249 
  0.678830   0.569090   1.115508 
  0.611808   0.478949   1.004247 
  0.512932   0.443121   0.984599 
  0.208967   0.331477   1.064481 
  0.292889   0.364966   1.033489 
  0.212702   0.423384   1.123792 
  0.208623   0.367749   1.041290 
  0.276790   0.396047   1.072887 
  0.338817   0.444644   1.101906 
  0.584332   0.529774   1.120093 
  0.597336   0.454846   0.923516 
  0.491735   0.432814   0.981903 
  0.109625   0.300516   1.129759 
  0.161970   0.338273   1.061522 
  0.113927   0.273279   0.989082 
  0.181705   0.346833   1.064125 
  0.206417   0.360017   1.072384 
  0.159241   0.356915   1.067541 
  0.277758   0.344532   1.025632 
  0.244488   0.326946   1.032018 
  0.162281   0.342698   1.065177 
  0.175859   0.293245   0.932879 
  0.159053   0.326655   1.113647 
  0.190251   0.346350   1.115051 
  0.291022   0.387012   1.109359 
  0.454699   0.386894   1.024312 
  0.359629   0.365983   1.035639 
  0.150667   0.389281   1.075216 
  0.169900   0.368265   1.071766 
  0.188973   0.384180   1.076031 
  0.200501   0.392011   1.106310 
  0.331887   0.426597   1.161520 
  0.256123   0.340707   1.037897 
  0.146962   0.324496   0.961815 
  0.164238   0.316230   0.936404 
  0.199896   0.370716   1.049709 
  0.314838   0.378979   0.997031 
  0.261533   0.329501   1.004145 
  0.230622   0.383510   1.143272 
  0.273561   0.424588   1.138220 
  0.336366   0.357536   0.984116 
  0.257491   0.353538   0.993390 
  0.375316   0.469764   1.137214 
  0.360245   0.393576   0.989233 
  0.304413   0.349299   0.992471 
  0.520196   0.435732   0.943945 
  0.477850   0.442198   0.981340 
  0.573374   0.442296   0.880545 
 -0.164006   0.134243   1.090750 
  0.148192   0.344118   1.124770 
  0.144310   0.354622   1.099776 
  0.406931   0.392562   1.186637 
  0.073155   0.348722   1.229493 
  0.114573   0.334297   1.015133 
  0.043731   0.307352   1.141751 
  0.099090   0.287189   1.059874 
  0.132006   0.376528   1.106347 
  0.036619   0.317931   1.178550 
  0.034813   0.291925   1.070952 
  0.279861   0.378875   1.099020 
  0.156029   0.402031   1.115102 
  0.155580   0.370611   1.184195 
  0.074156   0.330871   1.151154 
  0.322029   0.398121   1.067750 
  0.275191   0.335844   1.148519 
  0.145412   0.281131   0.972689 
  0.029177   0.250218   0.966481 
  0.242942   0.313153   1.043597 
  0.054292   0.286187   1.068519 
  0.102000   0.325902   1.034612 
  0.055930   0.277291   1.019523 
  0.028711   0.269088   1.077937 
 -0.017016   0.235608   1.089133 
 -0.015038   0.202529   1.005846 
  0.026312   0.230691   1.065166 
  0.223004   0.329071   1.034961 
  0.061674   0.277004   0.968828 
  0.065228   0.256235   0.968974 
  0.061933   0.270660   1.086164 
  0.275425   0.327742   0.990880 
  0.221347   0.290177   1.012670 
  0.444419   0.527165   1.077736 
  0.552495   0.555940   1.108249 
  0.794098   0.560781   1.012826 
  0.156497   0.281277   0.845825 
  0.795215   0.558870   1.022520 
  0.797666   0.575627   0.909812 
  0.344376   0.378769   1.083311 
  0.493822   0.388252   1.134057 
  0.346908   0.420506   1.026833 
  0.327821   0.354539   1.016275 
  0.428798   0.510478   1.124465 
  0.448638   0.482324   1.075940 
  0.765179   0.559088   1.147487 
  0.829244   0.589727   0.972194 
  0.712369   0.566228   1.034479 
  0.400155   0.573553   1.261606 
  0.360227   0.446111   1.155138 
  0.021733   0.288345   1.003992 
  0.308008   0.432431   1.080845 
  0.399688   0.399077   1.081896 
  0.281989   0.432646   1.147599 
  0.263277   0.412656   1.135469 
  0.181541   0.373272   1.108643 
  0.186510   0.379111   1.041558 
  0.314576   0.499251   1.240901 
  0.327037   0.464120   1.195127 
  0.361894   0.476319   1.117824 
  0.508714   0.514803   1.082907 
  0.359298   0.483354   1.123057 
  0.439920   0.445938   1.107846 
  0.074144   0.221472   0.985443 
  0.415887   0.480375   1.127110 
  0.556840   0.573251   1.188242 
  0.311470   0.386715   1.146732 
  0.349947   0.428332   1.269881 
  0.352845   0.429666   1.048555 
  0.285346   0.413447   1.160007 
  0.422573   0.501781   1.176890 
  0.416955   0.534038   1.219477 
  0.411214   0.458744   1.085969 
  0.642788   0.578407   1.061944 
  0.546444   0.490664   1.097900 
  0.130174   0.284427   0.940889 
  0.772342   0.542539   1.031305 
  0.711418   0.523483   0.996202 
  0.232107   0.366809   1.170125 
  0.380741   0.345005   1.136276 
  0.177118   0.374192   1.009023 
  0.160486   0.331063   1.002452 
  0.347055   0.463552   1.143381 
  0.411898   0.453357   1.120338 
  0.732404   0.592322   1.108880 
  0.671148   0.480263   0.974639 
  0.601970   0.504158   1.076191 
  0.080131   0.252018   0.999744 
  0.080087   0.227462   0.852881 
  0.014444   0.275771   1.002381 
  0.014277   0.209291   1.041082 
  0.029692   0.243724   1.047040 
 -0.194444   0.085447   0.905469 
  0.028395   0.269766   1.094009 
  0.070529   0.252982   1.047973 
  0.119464   0.278466   1.000825 
  0.255509   0.292837   0.853116 
  0.214011   0.301994   0.996032 
  0.683272   0.499088   0.959140 
  0.206889   0.333743   1.081829 
  0.354391   0.346056   1.033397 
  0.224465   0.391321   1.162592 
  0.230566   0.328856   1.038280 
  0.288871   0.437380   1.107552 
  0.390333   0.433444   1.088310 
  0.722681   0.528386   1.075705 
  0.700987   0.507607   0.895405 
  0.581659   0.478193   0.969833 
  0.286016   0.368706   1.073343 
  0.427707   0.439466   1.048268 
  0.259245   0.388765   1.087346 
  0.272374   0.372618   1.034716 
  0.321746   0.401186   1.045996 
  0.416891   0.409719   1.079142 
  0.678075   0.557246   1.029765 
  0.730605   0.585259   0.763392 
  0.618960   0.556883   0.995428 
  0.201342   0.364205   1.149369 
  0.188423   0.356139   1.166898 
  0.143763   0.302595   0.985617 
  0.266458   0.402092   1.124140 
  0.272222   0.432781   1.196794 
  0.228095   0.372197   1.116213 
  0.399734   0.425163   0.968408 
  0.347225   0.449075   1.118598 
  0.234567   0.372846   1.093338 
  0.163983   0.329138   1.046826 
  0.281526   0.437719   1.243119 
  0.274722   0.400161   1.213797 
  0.340953   0.423586   1.144347 
  0.556090   0.442996   1.116402 
  0.495335   0.460801   1.135901 
  0.177325   0.279583   1.110662 
  0.229647   0.405284   1.066787 
  0.171117   0.353759   1.046349 
  0.230601   0.408595   1.116138 
  0.485196   0.461367   1.093613 
  0.308840   0.369815   1.079960 
  0.180424   0.349717   1.052089 
  0.182342   0.336914   1.019733 
  0.170965   0.317987   1.049947 
  0.421263   0.432572   0.994794 
  0.341873   0.351615   1.047533 
  0.298759   0.467216   1.185915 
  0.327711   0.449077   1.112606 
  0.487433   0.518559   1.013760 
  0.389769   0.485946   1.094529 
  0.411036   0.509654   1.160051 
  0.476375   0.450912   1.100591 
  0.399400   0.461273   1.070769 
  0.679572   0.530189   0.949915 
  0.558593   0.517401   0.972691 
  0.720770   0.584350   1.049210 
 -0.159081   0.139247   1.028251 
 -0.079645   0.173065   1.033621 
  0.202581   0.211175   0.931971 
 -0.167773   0.200215   1.158377 
  0.317140   0.363597   0.996557 
 -0.194711   0.186225   1.095997 
 -0.120205   0.187747   1.002171 
  0.050262   0.212603   0.982306 
 -0.141681   0.122988   1.197400 
 -0.061120   0.178252   0.900210 
  0.386979   0.347994   0.930344 
  0.014785   0.201504   1.006179 
  0.003322   0.192507   1.015904 
 -0.162461   0.168978   1.108986 
  0.074710   0.143868   1.022087 
  0.041342   0.160025   0.954860 
  0.114389   0.319460   1.102666 
  0.313724   0.345708   1.084796 
  0.152380   0.382728   1.156826 
  0.176626   0.325212   1.026212 
  0.133681   0.327117   1.059093 
  0.206562   0.337395   1.092223 
  0.145229   0.311167   1.064906 
  0.099953   0.321372   1.197981 
  0.056811   0.249959   1.006122 
  0.341838   0.335095   1.024583 
  0.149607   0.328265   1.178088 
  0.126575   0.334516   1.132175 
  0.139206   0.349560   1.146576 
  0.322177   0.356569   1.084102 
  0.371254   0.401097   1.077489 
  0.305486   0.381426   1.068669 
  0.037655   0.306745   1.127803 
  0.248515   0.371656   1.145489 
  0.000999   0.249087   1.076752 
  0.099331   0.263437   1.021548 
  0.232035   0.374281   1.128356 
  0.102425   0.324710   1.113336 
  0.118057   0.248360   1.038268 
  0.359112   0.371649   1.103111 
  0.218859   0.369638   1.163949 
  0.211652   0.390882   1.154090 
  0.078055   0.302545   1.107581 
  0.215179   0.340653   1.088657 
  0.257664   0.350590   1.125059 
  0.197669   0.352890   1.117716 
  0.265420   0.250677   0.872149 
  0.200141   0.315891   1.080792 
  0.292433   0.362419   1.022663 
  0.371901   0.320498   0.982199 
  0.236012   0.344485   1.275977 
  0.254853   0.271569   0.928545 
  0.471022   0.363993   0.936488 
  0.343230   0.368403   1.051254 
  0.339490   0.383651   0.969315 
  0.232791   0.341452   1.039540 
  0.520242   0.390121   0.896603 
  0.471552   0.343602   1.076503 
  0.164697   0.402617   1.146100 
  0.128589   0.355531   1.159704 
  0.131612   0.380553   1.140238 
  0.099054   0.336083   1.193057 
  0.037638   0.268053   1.168315 
  0.035729   0.280536   1.097667 
  0.282811   0.387978   1.116810 
  0.094982   0.345184   1.168068 
  0.115128   0.364736   1.173185 
  0.141612   0.419353   1.207774 
  0.208159   0.310650   1.068726 
  0.303870   0.368933   1.104333 
  0.114911   0.324747   1.104532 
  0.153247   0.323595   1.009859 
  0.352074   0.379515   1.047285 
  0.162620   0.298677   1.154190 
  0.275356   0.326434   0.907397 
  0.307898   0.277821   0.811331 
  0.316810   0.373530   1.066808 
  0.312702   0.357311   1.028260 
  0.163457   0.362710   1.107011 
  0.289276   0.302516   1.017696 
  0.409355   0.382762   0.976355 
  0.097453   0.343163   1.107081 
  0.010265   0.279919   1.105466 
  0.005141   0.262628   1.171808 
  0.023921   0.277955   1.073829 
  0.307747   0.377157   1.048669 
  0.046075   0.302935   1.132756 
  0.058428   0.318345   1.127708 
  0.108642   0.338680   1.160280 
  0.212651   0.313730   1.014722 
  0.237804   0.338372   1.056388 
  0.107816   0.299541   1.084435 
  0.071177   0.240950   1.148652 
  0.103927   0.275802   1.013107 
  0.319032   0.361329   0.973647 
  0.115702   0.279936   1.049079 
  0.130935   0.310956   1.050510 
  0.110485   0.348539   1.100703 
  0.294380   0.362739   0.949769 
  0.318395   0.337607   0.997745 
  0.164715   0.287172   1.283630 
  0.239174   0.295896   0.984608 
  0.383332   0.317757   0.920303 
  0.297639   0.351877   1.075304 
  0.281529   0.352495   1.085707 
  0.081661   0.304387   1.093126 
  0.291227   0.338323   1.123693 
  0.316614   0.331627   1.049560 
  0.092737   0.244352   1.167416 
  0.349483   0.357256   1.143986 
  0.131932   0.285996   1.231119 
  0.150430   0.330405   1.210479 
  0.042148   0.296320   1.180273 
  0.306656   0.357718   1.103207 
  0.300459   0.349284   1.190074 
  0.366752   0.323175   0.832274 
  0.189237   0.300152   0.995062 
  0.187007   0.282020   0.956121 
  0.049022   0.274676   1.095465 
  0.257023   0.324679   1.029537 
  0.267457   0.275500   0.971356 
  0.390522   0.365775   0.984014 
  0.385206   0.339444   0.988222 
  0.284746   0.388743   1.069420 
  0.541770   0.374386   0.991037 
  0.528020   0.368851   0.959592 
  0.263904   0.342883   1.105128 
  0.118286   0.326687   1.132919 
  0.239584   0.342907   1.115520 
  0.271731   0.359023   1.104399 
  0.127002   0.352457   1.136820 
  0.210830   0.298468   1.106262 
  0.259769   0.330258   1.057364 
  0.198157   0.297621   1.073536 
  0.251719   0.331234   1.124732 
  0.465106   0.363636   1.064833 
  0.016437   0.222579   1.041774 
  0.248432   0.249006   0.941610 
  0.189844   0.329831   1.012698 
  0.197039   0.317764   0.969106 
  0.184641   0.313430   0.988369 
  0.208649   0.300023   0.958957 
  0.045439   0.209389   0.998255 
  0.069322   0.226634   1.072702 
  0.054550   0.154055   0.887780 
  0.368159   0.321858   0.920683 
  0.072083   0.262124   1.027203 
  0.093448   0.270576   1.019847 
  0.124597   0.319765   1.018524 
  0.345462   0.292534   0.927515 
  0.320073   0.272736   0.953755 
  0.153237   0.260486   1.030454 
 -0.041231   0.228821   1.059984 
  0.181863   0.352978   1.147571 
 -0.049215   0.224707   1.054322 
 -0.006609   0.229408   1.017562 
  0.070554   0.239927   1.094260 
  0.047266   0.256611   1.064254 
 -0.001192   0.210194   1.000105 
  0.276986   0.350435   1.096620 
  0.077949   0.248069   0.983530 
  0.093037   0.269585   1.068080 
  0.005730   0.252311   1.054442 
  0.124981   0.262176   1.016846 
  0.144956   0.240651   1.017394 
  0.184687   0.289934   1.034530 
  0.264302   0.279504   0.830804 
  0.163362   0.305216   1.063896 
  0.247760   0.341452   1.012987 
  0.238303   0.225295   0.956940 
  0.175763   0.263521   1.192894 
  0.197487   0.229682   0.898937 
  0.429111   0.300735   0.813648 
  0.253894   0.256593   0.933272 
  0.251637   0.273268   1.000315 
  0.175161   0.255056   1.032228 
  0.490623   0.321356   0.892100 
  0.377757   0.272214   0.854316 
  0.226514   0.435687   1.181339 
  0.168214   0.372965   1.086150 
  0.168263   0.360545   1.073586 
  0.010354   0.276372   1.132688 
  0.013912   0.226538   1.114976 
 -0.010050   0.279858   1.124118 
  0.320143   0.392380   1.125720 
  0.058475   0.286831   1.090604 
  0.072695   0.314231   1.088607 
  0.157021   0.378396   1.158105 
  0.231779   0.262245   0.945721 
  0.274721   0.307161   1.016789 
  0.183161   0.428537   1.196545 
  0.189082   0.362415   1.153411 
  0.269926   0.378019   1.050299 
  0.144905   0.291353   1.080580 
  0.236270   0.383822   0.890775 
  0.321217   0.362114   0.817755 
  0.254599   0.357000   0.995129 
  0.286803   0.335256   1.017466 
  0.194557   0.440293   1.177377 
  0.316449   0.333920   0.860475 
  0.412892   0.370806   0.892444 
  0.153116   0.338211   1.082128 
 -0.036190   0.245460   1.121091 
 -0.002713   0.234807   1.103086 
  0.026275   0.325267   1.135322 
  0.357068   0.427096   1.090661 
  0.014185   0.279553   1.064019 
  0.043648   0.293774   1.067180 
  0.132730   0.345514   1.092942 
  0.264010   0.277042   0.898916 
  0.234422   0.283798   0.911840 
  0.059671   0.253661   1.047618 
  0.046630   0.187321   1.029691 
  0.062958   0.248854   1.044410 
  0.309733   0.358664   0.953992 
  0.041406   0.262982   1.042327 
  0.080597   0.263749   1.037926 
  0.112574   0.327422   1.126934 
  0.286534   0.259823   0.948935 
  0.290768   0.285508   0.892530 
  0.042578   0.203478   1.188255 
  0.104969   0.263371   0.933443 
  0.305743   0.299330   0.919225 
  0.128218   0.251205   0.973275 
  0.144678   0.243804   1.008020 
 -0.001639   0.230508   1.080010 
  0.207408   0.248949   1.023183 
  0.204536   0.239277   0.957628 
  0.040001   0.212925   1.046117 
  0.326978   0.328619   1.011601 
  0.058852   0.238592   1.120298 
  0.066270   0.241435   1.122800 
  0.030028   0.254257   1.112299 
  0.277876   0.281163   1.009404 
  0.260700   0.273338   1.036561 
  0.349415   0.373558   0.876827 
  0.109680   0.272316   0.973043 
  0.116676   0.277263   1.023364 
  0.006017   0.277756   1.112625 
  0.253914   0.265688   0.934857 
  0.184636   0.229872   0.865620 
  0.329606   0.326758   0.946619 
  0.361593   0.330412   0.975500 
  0.321060   0.417538   1.070152 
  0.547930   0.365851   0.882687 
  0.498044   0.319451   0.844091 
  0.149938   0.251168   0.985349 
  0.059601   0.266424   1.068200 
  0.164074   0.278133   0.988272 
  0.163394   0.229831   0.943326 
  0.090228   0.316067   1.102117 
  0.145773   0.254290   0.997549 
  0.165940   0.260235   0.937554 
  0.203479   0.275311   1.001376 
  0.215179   0.285552   1.016428 
  0.472779   0.305773   0.954912 
  0.297520   0.403575   1.069442 
  0.433465   0.448581   1.052639 
  0.053414   0.247778   1.030004 
  0.407913   0.408846   1.049802 
  0.478551   0.470502   1.069177 
  0.220931   0.366555   1.100767 
  0.281633   0.376931   1.069301 
  0.184032   0.284558   1.054526 
  0.229605   0.308244   1.011899 
  0.261509   0.420307   1.100035 
  0.289244   0.408438   1.138971 
  0.410995   0.449871   1.078270 
  0.526381   0.481471   1.034649 
  0.463126   0.471481   1.056895 
  0.482041   0.426413   1.084086 
  0.087373   0.205399   0.893173 
  0.510302   0.429915   0.944929 
  0.559205   0.448034   0.963893 
  0.279567   0.314908   1.109120 
  0.347238   0.401924   1.216463 
  0.278126   0.310307   1.083261 
  0.316313   0.253467   0.873743 
  0.366232   0.418959   1.076837 
  0.377751   0.425041   1.098244 
  0.457104   0.401359   1.112749 
  0.686910   0.512708   0.906502 
  0.617986   0.430887   1.065799 
  0.236866   0.320178   0.971929 
  1.020423   0.523125   0.857624 
  0.959552   0.522215   0.917981 
  0.312897   0.381513   1.060522 
  0.477936   0.371643   1.061175 
  0.361452   0.361938   0.955161 
  0.328829   0.298787   0.947081 
  0.440097   0.483733   1.085282 
  0.555584   0.498242   1.105064 
  0.943081   0.570977   1.016610 
  0.943959   0.439459   0.847593 
  0.841142   0.510719   0.961853 
  0.228731   0.300015   0.903759 
  0.245291   0.287254   0.884732 
  0.076188   0.251908   1.018022 
  0.042988   0.204948   1.018275 
  0.090272   0.202706   0.872932 
 -0.067536   0.067240   0.744904 
  0.075240   0.274620   1.026784 
  0.092873   0.243050   1.003934 
  0.176954   0.274851   0.995688 
  0.294739   0.261382   0.796206 
  0.321765   0.298251   0.836397 
  0.951710   0.522053   0.859628 
  0.274514   0.336354   1.003450 
  0.492471   0.395363   1.062870 
  0.381377   0.362338   0.936887 
  0.375688   0.309488   0.913063 
  0.422168   0.466052   1.071768 
  0.529539   0.468744   1.053269 
  0.928661   0.531661   0.964481 
  0.958125   0.497536   0.846663 
  0.834699   0.490757   0.887168 
  0.380614   0.396799   0.990324 
  0.531305   0.402064   1.083990 
  0.415884   0.374627   0.946334 
  0.395161   0.293054   0.873586 
  0.453332   0.431946   1.008734 
  0.543909   0.463657   1.014494 
  0.857567   0.531009   1.005796 
  0.988323   0.515614   0.872257 
  0.841769   0.486544   0.895034 
  0.243975   0.328506   1.158447 
  0.203721   0.308183   1.055318 
  0.207413   0.266207   0.917235 
  0.263140   0.376315   1.119726 
  0.254768   0.377629   1.125162 
  0.273551   0.343567   1.092673 
  0.465983   0.403486   1.045757 
  0.434746   0.421052   1.099222 
  0.235736   0.291678   1.053527 
  0.236702   0.283646   0.998663 
  0.268909   0.372901   1.139048 
  0.292776   0.375819   1.158405 
  0.441677   0.408396   1.091844 
  0.695718   0.481281   1.002466 
  0.609992   0.452281   1.065373 
  0.221920   0.242851   0.887537 
  0.224508   0.338320   1.090222 
  0.251820   0.331695   1.068065 
  0.309622   0.333471   1.043557 
  0.519659   0.401961   0.976869 
  0.440746   0.378473   0.987180 
  0.219633   0.313286   0.991329 
  0.232913   0.251870   0.988820 
  0.287720   0.327308   1.020957 
  0.503026   0.353001   0.781779 
  0.420669   0.289889   0.885654 
  0.285831   0.427954   1.130397 
  0.381939   0.468601   1.107892 
  0.518516   0.458650   1.044586 
  0.463982   0.485015   1.141027 
  0.503396   0.496354   1.141038 
  0.560303   0.462313   1.049475 
  0.488461   0.450037   1.096089 
  0.857795   0.454893   0.951570 
  0.746109   0.486701   0.994866 
  0.915377   0.499333   0.781325 
  0.211125   0.360117   1.092524 
  0.054150   0.202900   1.016863 
  0.208970   0.344415   1.058453 
  0.330389   0.389798   1.113824 
  0.284352   0.355963   1.100812 
  0.258150   0.381614   1.140576 
  0.198694   0.308858   1.089510 
  0.239728   0.313581   1.064637 
  0.324135   0.421660   1.097819 
  0.335246   0.417793   1.144975 
  0.243125   0.360425   1.064316 
  0.433182   0.489908   1.089637 
  0.382441   0.402506   1.102985 
  0.032557   0.272127   1.117850 
  0.382655   0.418261   1.058998 
  0.398565   0.447724   1.087444 
  0.152848   0.342798   1.134625 
  0.180749   0.310474   1.084244 
  0.101629   0.251671   1.040470 
  0.126031   0.282987   1.074741 
  0.197553   0.389766   1.121237 
  0.266750   0.404577   1.164125 
  0.428881   0.499726   1.126153 
  0.406064   0.388040   0.947974 
  0.386073   0.423854   1.075945 
 -0.021129   0.256419   1.072464 
  0.032494   0.259042   1.033117 
  0.155841   0.321027   1.161867 
  0.073396   0.239355   1.099924 
  0.067423   0.237706   1.060151 
 -0.033081   0.133247   1.020685 
  0.113254   0.309739   1.094399 
  0.152865   0.309476   1.132489 
  0.066105   0.283935   1.100521 
  0.151055   0.228268   1.001551 
  0.190219   0.315545   1.083723 
  0.351928   0.416606   1.045377 
  0.096367   0.281623   1.044449 
  0.168260   0.306013   1.082111 
  0.127448   0.298494   1.004801 
  0.164292   0.320512   1.061248 
  0.162025   0.344209   1.098481 
  0.204080   0.357010   1.073707 
  0.367459   0.428081   1.061860 
  0.410551   0.381949   0.957860 
  0.339307   0.390831   1.044400 
  0.215973   0.327338   1.070440 
  0.256684   0.332712   1.097150 
  0.202064   0.290657   1.021815 
  0.172448   0.315280   0.997469 
  0.227574   0.387486   1.087262 
  0.283400   0.393946   1.092824 
  0.386865   0.436545   1.045559 
  0.494759   0.423798   1.023657 
  0.432437   0.425717   1.027358 
  0.231094   0.361360   1.129864 
  0.220969   0.318372   1.098207 
  0.221196   0.291383   0.990385 
  0.290794   0.429887   1.159640 
  0.311926   0.438143   1.116305 
  0.168649   0.336146   1.127136 
  0.353303   0.409830   1.191078 
  0.311404   0.408332   1.129521 
  0.185709   0.311706   1.126388 
  0.241294   0.294390   1.040426 
  0.212574   0.366803   1.097310 
  0.263645   0.417598   1.149649 
  0.232818   0.369436   1.138316 
  0.438454   0.404036   1.041433 
  0.393335   0.407841   1.064669 
  0.190223   0.289945   1.051131 
  0.210320   0.360871   1.087312 
  0.235262   0.358026   1.041407 
  0.125700   0.291883   1.050220 
  0.325565   0.390252   1.138435 
  0.249032   0.349939   1.102452 
  0.217192   0.335060   1.035630 
  0.219893   0.340121   1.040070 
  0.171763   0.303730   1.049717 
  0.366361   0.342835   1.050939 
  0.313873   0.354596   1.030362 
  0.308812   0.470623   1.149513 
  0.226558   0.385232   1.110531 
  0.335223   0.434085   1.084919 
  0.306005   0.427591   1.096725 
  0.287128   0.431458   1.151710 
  0.333754   0.423222   1.136620 
  0.316708   0.415857   1.129871 
  0.389087   0.384308   1.000517 
  0.356054   0.423442   1.054742 
  0.534174   0.483548   1.043826 
  0.046537   0.178942   1.011361 
  0.450258   0.394823   1.034419 
  0.462793   0.435629   0.988928 
  0.194367   0.338355   1.127297 
  0.225845   0.339796   1.158481 
  0.155803   0.320970   1.145982 
  0.162076   0.253064   1.054745 
  0.263136   0.370758   1.106031 
  0.324378   0.409887   1.084648 
  0.403826   0.430295   1.082996 
  0.527304   0.455274   1.092568 
  0.486891   0.408110   1.087591 
  0.003155   0.201652   1.001942 
  0.054084   0.225231   0.916217 
  0.121677   0.175831   0.927414 
  0.012494   0.171712   1.040812 
  0.063879   0.162016   0.888626 
 -0.052386   0.039331   0.679560 
  0.091950   0.209193   0.851847 
  0.094621   0.180402   0.938413 
  0.002634   0.190914   0.945590 
  0.211441   0.189017   0.908736 
  0.239503   0.190942   0.833430 
  0.444526   0.415246   1.044497 
  0.155279   0.295916   1.052039 
  0.252772   0.376030   1.138207 
  0.231013   0.356662   1.099116 
  0.208821   0.295733   0.997328 
  0.240402   0.359270   1.082990 
  0.292998   0.385258   1.044869 
  0.422122   0.406065   1.060234 
  0.537425   0.446909   1.047151 
  0.476977   0.406662   0.978812 
  0.260738   0.384954   0.968314 
  0.312528   0.379548   1.049858 
  0.342442   0.333838   1.076702 
  0.285137   0.290647   0.946268 
  0.332616   0.366472   1.132853 
  0.369969   0.372791   0.980362 
  0.409296   0.430894   1.024123 
  0.631112   0.456516   1.037983 
  0.567662   0.397067   0.988418 
  0.225711   0.336919   1.208903 
  0.240624   0.294342   0.990283 
  0.232059   0.216158   0.852229 
  0.330316   0.357327   1.031520 
  0.306270   0.343325   1.028542 
  0.172916   0.309246   1.040264 
  0.444138   0.451739   1.024356 
  0.408956   0.375994   1.006793 
  0.209780   0.323880   1.165381 
  0.213051   0.312135   1.061417 
  0.266147   0.380522   1.139112 
  0.279471   0.373700   1.179557 
  0.245346   0.363051   1.153711 
  0.549038   0.504926   1.140269 
  0.455857   0.419226   1.106692 
  0.221545   0.279281   0.876458 
  0.263833   0.347960   0.970712 
  0.275580   0.340557   1.057103 
  0.151904   0.316536   1.086004 
  0.526027   0.397038   1.125720 
  0.386299   0.376520   0.976815 
  0.267195   0.319030   1.018515 
  0.241493   0.274160   0.979743 
  0.170477   0.256948   1.045396 
  0.479297   0.374653   0.934931 
  0.420126   0.286712   0.868992 
  0.353153   0.378541   1.068141 
  0.275829   0.357545   1.039235 
  0.493154   0.481636   1.109713 
  0.406734   0.397266   1.051113 
  0.323535   0.391597   1.090013 
  0.492233   0.418724   1.172481 
  0.404146   0.394434   1.079538 
  0.493013   0.402287   1.028671 
  0.457195   0.355401   0.974281 
  0.751490   0.480762   1.041040 
  0.246320   0.374838   1.037673 
  0.207660   0.353877   1.083020 
  0.064809   0.329402   1.173277 
  0.006080   0.231347   1.083771 
  0.041319   0.290101   1.088987 
 -0.123605   0.134667   1.009733 
  0.065066   0.308454   1.087194 
  0.104737   0.314311   1.107162 
  0.223019   0.396930   1.115473 
  0.231346   0.277239   0.929664 
  0.315013   0.344256   0.964438 
  0.906501   0.551330   0.988770 
  0.264309   0.388435   1.132592 
  0.428945   0.377799   1.056892 
  0.326359   0.414170   1.036353 
  0.348903   0.350977   0.959508 
  0.396160   0.460124   1.112435 
  0.553514   0.495956   1.094706 
  0.962831   0.611422   1.036680 
  0.868240   0.441249   0.797456 
  0.785586   0.484733   0.894115 
  0.306110   0.401707   1.164376 
  0.439636   0.343691   1.128884 
  0.362884   0.384613   1.008702 
  0.331303   0.313355   0.956971 
  0.386841   0.451629   1.054887 
  0.520198   0.473705   1.092629 
  0.841912   0.573587   1.063823 
  0.873508   0.440274   0.841534 
  0.753705   0.456366   0.821931 
  0.132339   0.311360   1.156227 
  0.144791   0.354394   1.136325 
  0.124762   0.273447   1.031338 
  0.199119   0.397697   1.193327 
  0.233641   0.410626   1.204075 
  0.264994   0.404345   1.135556 
  0.357816   0.396976   1.021873 
  0.355059   0.407072   1.125384 
  0.124864   0.269546   1.122632 
  0.128313   0.261660   1.028587 
  0.183494   0.342595   1.151359 
  0.239494   0.355727   1.231081 
  0.410060   0.416105   1.196134 
  0.534971   0.338029   0.955299 
  0.493846   0.395852   1.087080 
  0.126585   0.268135   1.048219 
  0.149389   0.349117   1.098185 
  0.222227   0.376600   1.110265 
  0.280333   0.406236   1.097640 
  0.426835   0.389322   1.018581 
  0.341047   0.356848   0.992518 
  0.143730   0.310333   1.023561 
  0.190948   0.297912   1.035023 
  0.277567   0.345193   1.047131 
  0.381306   0.309128   0.877010 
  0.356284   0.320055   0.915166 
  0.268287   0.438033   1.207094 
  0.397861   0.489110   1.152889 
  0.420690   0.408186   0.970936 
  0.375311   0.441095   1.066779 
  0.553521   0.576266   1.200153 
  0.471477   0.399277   1.009796 
  0.457220   0.429745   1.070226 
  0.769219   0.454276   0.909957 
  0.726290   0.524244   0.980657 
  0.753666   0.429302   0.808593 
  0.179621   0.334350   1.050538 
 -0.012953   0.263944   1.090277 
 -0.022358   0.212182   1.048659 
  0.048491   0.316496   1.110716 
 -0.121166   0.147043   0.960614 
  0.015265   0.282510   1.082219 
  0.045653   0.273125   1.061254 
  0.170847   0.335563   1.060776 
  0.240544   0.253954   0.836032 
  0.260220   0.316510   0.923259 
  0.039227   0.267250   1.092138 
  0.035209   0.190093   1.001116 
  0.065102   0.244572   1.061676 
 -0.121436   0.117968   0.927129 
  0.051484   0.233262   1.009554 
  0.070886   0.263220   1.044386 
  0.126424   0.325079   1.106785 
  0.248848   0.258139   0.793050 
  0.287046   0.305854   0.885100 
  0.080885   0.248101   1.134240 
  0.170924   0.283207   1.029470 
 -0.020977   0.131219   0.833802 
  0.200261   0.295875   1.007017 
  0.188517   0.272814   1.059771 
  0.013004   0.273743   1.101037 
  0.188102   0.250451   1.030643 
  0.252535   0.296926   1.025391 
  0.042449   0.189359   0.947392 
 -0.110666   0.063899   0.865631 
  0.044633   0.230965   0.981801 
  0.042416   0.220097   1.067995 
 -0.025807   0.260256   1.071200 
  0.219452   0.248383   0.993387 
  0.207868   0.287335   1.007779 
 -0.026428   0.107540   0.758639 
  0.099945   0.272011   0.926836 
  0.134811   0.247256   0.974222 
  0.031197   0.267314   1.083062 
  0.234249   0.306344   0.952663 
  0.189666   0.261993   0.864289 
 -0.042858   0.144563   0.893605 
 -0.049233   0.085132   0.812337 
 -0.149713   0.111112   0.997147 
  0.064302   0.122974   0.766888 
  0.103229   0.112761   0.671565 
  0.166331   0.278909   0.975818 
  0.036806   0.282552   1.033626 
  0.146650   0.263520   1.037362 
  0.190729   0.284065   0.979421 
  0.094174   0.317437   1.078405 
  0.124514   0.222246   0.993273 
  0.206590   0.255147   0.970277 
  0.188484   0.259231   1.006171 
  0.253209   0.322991   0.983895 
  0.372509   0.288167   0.843084 
  0.253830   0.363036   1.079621 
  0.398976   0.354317   1.044543 
  0.353031   0.420252   1.108560 
  0.323641   0.336673   0.945337 
  0.345534   0.407713   1.101696 
  0.470809   0.450030   1.110318 
  0.809701   0.544597   1.031460 
  0.835077   0.459124   0.800164 
  0.733819   0.443335   0.815539 
  0.091248   0.273583   1.148446 
  0.151613   0.334063   1.147249 
  0.092660   0.258238   1.008149 
  0.126031   0.332082   1.119652 
  0.164295   0.330962   1.149853 
  0.199706   0.336578   1.076976 
  0.301911   0.335403   1.068187 
  0.288656   0.333515   1.036753 
  0.182922   0.336521   1.123805 
  0.193354   0.300403   1.038863 
  0.164867   0.318472   1.154662 
  0.220475   0.352003   1.180593 
  0.405203   0.397302   1.129206 
  0.582142   0.408724   1.000059 
  0.486151   0.388865   1.048158 
  0.205500   0.327480   1.062065 
  0.166203   0.360526   1.137242 
  0.220299   0.379957   1.131165 
  0.297987   0.398962   1.078047 
  0.431860   0.418240   1.019234 
  0.350256   0.372980   0.987637 
  0.153666   0.317235   1.051225 
  0.190999   0.311913   1.010856 
  0.304034   0.365117   1.033908 
  0.439550   0.328995   0.818958 
  0.365842   0.327446   0.893974 
  0.217217   0.381682   1.129022 
  0.351274   0.438388   1.101263 
  0.427408   0.406264   1.037813 
  0.331991   0.407595   1.058996 
  0.494543   0.496712   1.141939 
  0.484895   0.403175   0.981948 
  0.429263   0.389895   1.001428 
  0.801777   0.462124   0.925077 
  0.699852   0.461345   0.908532 
  0.762522   0.414553   0.685231 
  0.195449   0.300785   1.158871 
  0.242045   0.334713   1.011970 
  0.154756   0.233496   0.942950 
  0.214860   0.337718   1.070403 
  0.257881   0.376749   1.068288 
  0.237641   0.352718   1.096074 
  0.450720   0.379549   0.979061 
  0.365134   0.385223   0.994563 
  0.239185   0.304872   1.035214 
  0.222553   0.276784   0.976481 
  0.216440   0.303445   0.990353 
  0.282713   0.350762   1.152847 
  0.404305   0.410719   1.127849 
  0.618782   0.451674   0.913803 
  0.531523   0.411472   1.012300 
  0.235448   0.274213   0.968934 
  0.171581   0.310561   1.050372 
  0.236635   0.344224   1.066388 
  0.288474   0.383980   1.052924 
  0.495634   0.391898   1.039807 
  0.422318   0.361246   0.934266 
  0.160569   0.282774   0.934423 
  0.178751   0.273648   0.963021 
  0.278618   0.323679   1.010604 
  0.471957   0.309641   0.662708 
  0.409755   0.305024   0.766042 
  0.263190   0.361843   1.046902 
  0.351892   0.403682   1.086825 
  0.475918   0.434153   0.908071 
  0.397752   0.368318   1.011405 
  0.450273   0.477348   1.097573 
  0.523810   0.417795   0.810448 
  0.453963   0.380536   0.985773 
  0.759402   0.409568   0.942523 
  0.674922   0.438521   0.863347 
  0.856251   0.478900   0.806605 
  0.217782   0.325281   1.210807 
  0.208345   0.270209   1.065991 
  0.225832   0.346690   1.236279 
  0.256963   0.370487   1.180982 
  0.133434   0.315573   1.204666 
  0.395802   0.426093   1.192171 
  0.352252   0.366309   1.164633 
  0.207870   0.248668   0.951224 
  0.288104   0.343489   1.043189 
  0.311617   0.359542   1.016012 
  0.161627   0.304724   1.076654 
  0.416984   0.384150   1.107732 
  0.328547   0.335552   1.012409 
  0.222782   0.284088   0.917591 
  0.237373   0.270319   0.873001 
  0.090922   0.243989   1.008364 
  0.317587   0.282208   0.938723 
  0.308977   0.279736   0.904918 
  0.335564   0.410657   1.123385 
  0.188276   0.361652   1.111037 
  0.364550   0.395276   1.134112 
  0.321169   0.382592   1.094624 
  0.223827   0.389845   1.142507 
  0.343275   0.396456   1.151070 
  0.331230   0.376252   1.091355 
  0.296517   0.371758   1.083566 
  0.305848   0.342110   1.095758 
  0.538552   0.447188   1.055639 
  0.238550   0.293651   0.913843 
  0.211278   0.347387   1.109491 
  0.224869   0.331802   1.122292 
  0.167482   0.326400   1.121669 
  0.435973   0.395781   1.131874 
  0.362062   0.349113   1.040412 
  0.197208   0.275209   1.000460 
  0.200288   0.291468   1.013797 
  0.168587   0.299535   1.034409 
  0.427459   0.328800   0.962274 
  0.369475   0.321485   0.979301 
  0.239157   0.364924   1.138702 
  0.191268   0.342566   1.192971 
  0.405359   0.426002   1.055680 
  0.344890   0.392253   1.106066 
  0.248868   0.398089   1.190535 
  0.445232   0.439015   1.133407 
  0.378955   0.402841   1.097399 
  0.518998   0.415109   1.000693 
  0.444805   0.410867   1.103647 
  0.714669   0.474036   0.989202 
  0.208792   0.293809   0.961111 
  0.225672   0.281019   0.930852 
  0.131215   0.288662   1.050243 
  0.415120   0.336168   0.954759 
  0.316756   0.269782   0.877374 
  0.289478   0.355298   1.056569 
  0.174947   0.342182   1.107615 
  0.367102   0.442105   1.150276 
  0.276893   0.362976   1.057877 
  0.219387   0.379013   1.098721 
  0.353405   0.410557   1.106581 
  0.328120   0.342407   1.009504 
  0.360882   0.380053   1.103407 
  0.312891   0.334704   1.014735 
  0.505646   0.419297   0.982637 
  0.245327   0.293790   0.923524 
  0.144684   0.290445   1.000806 
  0.356786   0.336157   0.931865 
  0.283890   0.304824   0.977384 
  0.199670   0.315202   1.041639 
  0.331768   0.279793   0.932286 
  0.290991   0.288920   0.927022 
  0.351842   0.343894   0.942653 
  0.319032   0.325707   0.985378 
  0.537780   0.328878   0.574250 
  0.273193   0.423932   1.155964 
  0.336659   0.427578   1.083093 
  0.305946   0.377804   1.076625 
  0.381237   0.410203   0.956725 
  0.330866   0.396805   1.053884 
  0.540268   0.466849   1.045392 
  0.448998   0.418894   1.056135 
  0.411746   0.434440   1.083183 
  0.529387   0.451964   1.006343 
  0.697890   0.436967   0.806042 
  0.486931   0.428166   0.084903
