  0.411191   1.030483   0.723478   1.090186   1.019036   1.627596   1.380238   2.017603 
  0.910467   1.759207   1.444972   1.728437   0.996355   1.469767   1.463276   2.344999 
  0.663778   0.943976   0.230235   0.047249   1.258568   1.653292   0.766286   0.841766 
  0.731423   0.845014  -0.127554  -0.355972   1.405201   1.845674   0.638411   0.428284 
  0.489861   1.230770   0.964703   1.366459   0.821177   1.738651   1.301894   1.903317 
  0.462358   1.054802   0.632730   0.835335   1.120087   1.418218   1.227297   1.855133 
  0.858135   1.292338   0.681800   0.797498   1.430788   2.041584   1.228546   1.298021 
  0.294487   1.064208   0.936448   1.472852   0.627210   1.628436   1.333152   2.108018 
  0.771379   0.849442  -0.394506  -0.881635   1.369342   1.956939   0.371949  -0.333783 
  0.383316   1.131764   0.927542   1.384533   0.673953   1.799851   1.361786   1.989827 
  0.547927   1.177887   0.841694   1.247872   0.934114   1.974258   1.408154   2.012280 
  0.779872   1.116532   0.506968   0.441172   1.284575   1.762568   1.072790   1.226436 
  0.721325   1.087936   0.463115   0.421210   1.193592   1.758001   1.106021   1.087185 
  0.826084   1.059088   0.264013   0.151192   1.363291   2.089656   0.947758   1.018504 
  0.781024   0.933714   0.099997  -0.229958   1.252446   1.980144   0.637033   0.246341 
  0.611053   1.077699   0.552657   0.680507   1.240120   1.706083   1.216040   1.582165 
  0.648843   1.116182   0.575844   0.718165   1.126747   1.755915   1.234254   1.669892 
  0.242127   1.027073   0.867758   1.377500   0.756895   1.659226   1.324761   2.180247 
  0.789748   1.484690   0.994869   1.147739   1.019625   1.980923   1.153297   1.714482 
  0.636135   1.275697   0.781913   0.861248   0.979902   1.938698   1.286666   1.614264 
  0.108690   0.954135   0.698212   1.098429   0.690212   1.560957   1.327238   2.028676 
  0.485918   0.979566   0.509380   0.360019   1.137358   1.650786   1.271194   1.406222 
  0.506576   0.983348   0.522597   0.170624   1.146390   1.710158   1.321920   1.262175 
  0.242328   1.012363   0.725486   1.103693   0.814724   1.722301   1.311958   1.965018 
  0.394088   0.968222   0.605130   0.862225   1.043966   1.463268   1.248205   1.829882 
  0.445206   1.072052   0.625097   0.636031   0.991256   1.735231   1.284546   1.620406 
  0.167444   0.955003   0.725345   1.185489   0.743609   1.601672   1.338102   2.099513 
  0.514831   0.978028   0.503113  -0.097355   1.132852   1.722213   1.333084   0.992070 
  0.260121   1.035058   0.749556   1.145856   0.848406   1.723309   1.386789   2.028221 
  0.303469   1.038694   0.702069   1.087134   0.884915   1.750441   1.334804   2.006264 
  0.436973   0.975578   0.562667   0.531614   1.063126   1.643298   1.249744   1.562581 
  0.494536   0.981534   0.547404   0.625172   1.100331   1.618424   1.162696   1.520774 
  0.546470   1.066617   0.574524   0.431797   1.140223   1.788899   1.322936   1.440615 
  0.567603   1.079758   0.596182   0.213559   1.095504   1.808238   1.350419   1.262528 
  0.398187   0.987698   0.585188   0.760981   1.048698   1.608726   1.220530   1.766056 
  0.400607   1.007115   0.615270   0.830341   0.979650   1.633016   1.294233   1.797094 
  0.221829   0.965090   0.727097   1.178909   0.812086   1.610984   1.323894   2.077032 
  0.332824   1.105461   0.758703   0.938328   0.827961   1.828398   1.353812   1.829128 
  0.341635   1.084635   0.704240   0.869870   0.853319   1.798893   1.305914   1.824915 
  0.283228   1.001418   0.618855   0.514677   0.997033   1.740929   1.429965   1.573619 
  0.286353   0.976274   0.574661   0.308936   0.891771   1.643519   1.353252   1.303438 
  0.229879   1.090169   0.853158   1.256775   0.691350   1.693767   1.365817   2.081199 
  0.221979   1.032749   0.714273   0.973256   0.986259   1.598486   1.373299   2.003095 
  0.430809   1.200529   0.843371   0.824040   1.041858   1.939188   1.507866   1.848838 
  0.099133   0.964398   0.775176   1.266769   0.666271   1.520471   1.327609   2.092787 
  0.347086   0.987891   0.593067   0.085454   0.980729   1.697793   1.326854   1.053615 
  0.130462   0.991985   0.773680   1.229930   0.596988   1.652953   1.336368   2.083189 
  0.264041   1.043168   0.787473   1.182999   0.663385   1.689828   1.295016   2.014165 
  0.315109   1.075262   0.684472   0.704109   0.991827   1.672253   1.380338   1.700851 
  0.345275   1.061351   0.708379   0.801230   0.976887   1.831985   1.379761   1.704538 
  0.327999   1.051844   0.674998   0.573307   1.018285   1.778161   1.434938   1.567022 
  0.386612   1.039393   0.668163   0.344936   0.982152   1.842049   1.469115   1.312922 
  0.279757   1.074149   0.725954   0.897055   1.015997   1.713831   1.409993   1.900151 
  0.259561   1.058204   0.722887   0.934682   0.912799   1.654974   1.429036   1.876893 
  0.114009   1.005286   0.771179   1.251557   0.655497   1.559444   1.322481   2.103063 
  0.315142   1.206923   0.885342   1.131437   0.800732   1.854286   1.344335   1.928127 
  0.341285   1.181535   0.832019   0.991617   0.800195   1.862859   1.429502   1.930786 
  0.655302   0.848544   0.039375  -0.281708   1.298991   1.714865   0.752301   0.697355 
  0.391936   1.035936   0.516122   0.386754   1.120232   1.976817   1.409002   1.512991 
  0.564420   1.017705   0.467087   0.405246   1.236778   1.587866   1.109764   1.346925 
  0.714543   1.079528   0.486136   0.410948   1.172184   1.832361   1.021854   1.213317 
  0.339739   1.015828   0.565052   0.431909   1.073726   1.878299   1.432454   1.608140 
  0.902418   0.912820   0.123807  -0.252177   1.324382   1.770002   0.630390   0.449463 
  0.364933   1.014591   0.506014   0.339413   1.063116   1.899757   1.362058   1.502185 
  0.449875   0.979952   0.487550   0.438538   1.083330   1.867824   1.271373   1.443877 
  0.731126   1.009714   0.388840   0.196367   1.214170   1.720328   0.949661   1.046929 
  0.642075   1.019934   0.300168   0.147329   1.312730   1.758662   1.097784   1.188157 
  0.728515   0.977977   0.231123   0.001986   1.196374   1.718468   0.832782   0.916127 
  0.888749   1.055576   0.365252   0.080689   1.263392   1.863251   0.820279   0.788492 
  0.654012   0.988446   0.446643   0.347973   1.206255   1.655012   1.070750   1.232223 
  0.644669   1.007273   0.444610   0.354039   1.176137   1.742218   1.103218   1.321001 
  0.367680   1.008343   0.566159   0.428975   1.049872   1.780519   1.383041   1.566606 
  0.540670   1.147464   0.528517   0.377918   1.148776   2.072940   1.309366   1.385781 
  0.596652   1.182016   0.520355   0.395874   1.181302   2.091316   1.220419   1.343462 
  0.433561   0.996857   0.460820   0.223809   1.050191   1.842872   1.344580   1.268060 
  0.577605   0.900603   0.336291   0.172394   1.220345   1.533241   1.016460   1.120671 
  0.725256   0.985259   0.320026   0.215560   1.200480   1.801116   0.862764   0.943301 
  0.406716   0.996990   0.549897   0.259617   1.046495   1.866078   1.416938   1.406903 
  0.958457   0.831619  -0.043478  -0.461203   1.416499   1.839871   0.519130   0.183977 
  0.455460   1.012472   0.512017   0.179147   1.079654   1.883574   1.396283   1.298025 
  0.508386   0.979513   0.422994   0.245998   1.105902   1.897090   1.333767   1.296618 
  0.692302   0.899487   0.178902  -0.011922   1.279254   1.747481   0.837184   0.798069 
  0.668963   0.913920   0.176451  -0.039760   1.294956   1.562684   0.911267   0.995212 
  0.740952   0.888234   0.071800  -0.141104   1.298270   1.875585   0.776157   0.754919 
  0.950501   0.948492   0.232004  -0.059734   1.337467   1.960923   0.706651   0.619178 
  0.638710   0.938459   0.317577   0.130897   1.173040   1.648619   0.979016   1.004420 
  0.638536   0.959849   0.341878   0.126977   1.165788   1.683519   1.051888   1.060052 
  0.416487   0.986914   0.552704   0.221396   1.080583   1.741508   1.381807   1.356676 
  0.588601   1.088601   0.469270   0.229199   1.121194   1.985178   1.195259   1.147194 
  0.612078   1.068275   0.443398   0.194197   1.118588   1.988426   1.098142   1.117931 
  0.318619   1.006917   0.637231   0.898407   1.002211   1.758505   1.290713   1.931809 
  0.512803   1.125895   0.682143   0.735459   1.041514   1.940374   1.362219   1.695927 
  0.331428   1.072386   0.894581   1.353206   0.707815   1.662643   1.285047   2.015757 
  0.479607   0.966086   0.472636  -0.046013   1.051650   1.890980   1.316120   0.973873 
  0.372191   1.120182   0.900937   1.314410   0.717367   1.715902   1.298019   1.936006 
  0.487897   1.122780   0.853111   1.272868   0.798580   1.766937   1.265051   1.879457 
  0.421764   1.058703   0.581319   0.597781   1.062697   1.911232   1.364942   1.604388 
  0.451537   1.103386   0.643803   0.766283   1.088736   1.860525   1.289564   1.591785 
  0.479882   1.043949   0.551519   0.515999   1.019497   1.869242   1.316157   1.440454 
  0.526071   1.019581   0.557561   0.291423   1.075545   1.863300   1.327261   1.254026 
  0.354859   1.107605   0.657671   0.844313   1.010527   1.885962   1.383149   1.848309 
  0.359810   1.097051   0.686500   0.909281   0.986118   1.877031   1.407434   1.823319 
  0.298752   1.062197   0.842876   1.289255   0.743949   1.667153   1.319659   2.049397 
  0.536282   1.286574   0.933727   1.175527   0.850090   1.893260   1.277938   1.761977 
  0.514981   1.224483   0.868683   1.059624   0.928829   1.931831   1.346543   1.824700 
  0.556047   1.084742   0.567341   0.649105   1.156113   1.712195   1.216647   1.625928 
  0.242129   0.952961   0.609899   0.928805   0.921517   1.537545   1.285611   2.030771 
  0.669840   0.930183   0.318297  -0.086038   1.275942   1.626849   1.059414   0.882420 
  0.278668   0.975763   0.595226   0.855849   0.967692   1.606012   1.263474   1.847257 
  0.358178   0.981781   0.604275   0.895909   1.004517   1.593818   1.270650   1.879823 
  0.556474   1.058626   0.536192   0.558737   1.256013   1.597548   1.135855   1.450995 
  0.585689   1.067402   0.528969   0.568832   1.211142   1.403020   1.055860   1.517848 
  0.589594   0.991600   0.440603   0.404162   1.191197   1.620277   1.071345   1.352463 
  0.665680   1.046684   0.466364   0.223092   1.199033   1.730463   1.112586   1.158363 
  0.512093   1.018802   0.562063   0.732415   1.206401   1.547292   1.210095   1.726315 
  0.520203   1.050330   0.577962   0.740161   1.183223   1.616938   1.233964   1.758722 
  0.304095   0.982946   0.623792   0.919503   0.964451   1.486165   1.258853   1.960175 
  0.428616   1.140989   0.685958   0.810341   1.003338   1.861962   1.281427   1.830285 
  0.459075   1.127012   0.643842   0.772693   1.078364   1.870862   1.281650   1.767147 
  0.389729   1.057012   0.683320   0.703287   0.898005   1.832773   1.392172   1.786810 
  0.648897   0.919188   0.111269  -0.242475   1.185722   1.829462   0.780542   0.457510 
  0.451431   1.074001   0.664067   0.665691   0.970855   1.881128   1.377205   1.707621 
  0.546058   1.122208   0.657277   0.754697   1.044705   1.909539   1.320087   1.733975 
  0.645370   1.080561   0.453750   0.436541   1.158248   1.864878   1.062076   1.367987 
  0.647222   1.133387   0.479371   0.417588   1.267739   1.897975   1.165669   1.445288 
  0.687973   1.053041   0.381887   0.278390   1.237189   1.938213   1.038417   1.247179 
  0.713797   1.054000   0.353254   0.143685   1.223860   1.965785   0.943033   1.053079 
  0.585175   1.106295   0.566702   0.634754   1.129506   1.791668   1.167271   1.536130 
  0.599414   1.102855   0.576304   0.621497   1.107731   1.858442   1.203786   1.552816 
  0.408087   1.083791   0.669370   0.695209   0.902884   1.767203   1.336947   1.696620 
  0.662014   1.271676   0.727945   0.770795   1.142438   1.991443   1.338870   1.679774 
  0.639462   1.215626   0.662443   0.665556   1.097820   2.045982   1.224412   1.430305 
  0.470303   1.019270   0.574667   0.030104   1.053390   1.884620   1.447298   1.141057 
  0.292577   1.055058   0.888653   1.382405   0.617446   1.658395   1.302953   2.003874 
  0.340589   1.048891   0.836007   1.294193   0.713678   1.759942   1.305137   1.991021 
  0.366898   1.021234   0.614438   0.620946   1.029723   1.818191   1.416030   1.698430 
  0.354041   1.004360   0.614071   0.757135   1.043314   1.757345   1.296499   1.635998 
  0.404046   1.026882   0.604325   0.515277   0.931612   1.889472   1.396268   1.542142 
  0.442377   0.989298   0.609147   0.257295   0.985120   1.903653   1.456174   1.385494 
  0.284229   1.041859   0.654732   0.869081   0.958205   1.769993   1.352516   1.906056 
  0.326387   1.054752   0.719611   0.970135   0.901441   1.769430   1.426644   1.893339 
  0.216841   1.027228   0.862753   1.394203   0.671589   1.625540   1.305069   2.138755 
  0.373536   1.154685   0.855075   1.122823   0.668147   1.793286   1.299377   1.866176 
  0.416494   1.137954   0.838470   1.058825   0.795000   1.790539   1.364206   1.896672 
  0.479151   0.987166   0.497961  -0.074985   1.082442   1.937014   1.416429   0.969252 
  0.530198   0.964417   0.395831   0.021946   1.139989   1.941687   1.352227   1.036545 
  0.776117   0.951397   0.131034  -0.290952   1.299035   1.828413   0.803579   0.463655 
  0.680150   0.903111   0.100781  -0.346782   1.241697   1.720222   0.901534   0.593997 
  0.767764   0.868455  -0.001268  -0.412546   1.281054   1.934448   0.725914   0.418597 
  0.663312   0.801582  -0.202486  -0.772546   1.246570   1.931717   0.487433   0.261787 
  0.677997   0.997071   0.312350  -0.116379   1.207504   1.772815   0.978799   0.827147 
  0.671643   0.980838   0.301158  -0.097804   1.190094   1.823472   1.050295   0.833500 
  0.461946   0.979493   0.553296  -0.007712   1.072360   1.821236   1.419588   1.075960 
  0.578800   1.026110   0.388551  -0.109224   1.124112   1.991232   1.174422   0.673637 
  0.672094   1.068035   0.422440  -0.103647   1.151668   1.968608   1.104842   0.724443 
  0.383834   1.077764   0.813902   1.230230   0.736929   1.807335   1.366190   1.967011 
  0.359612   1.018379   0.546065   0.521561   1.035367   1.858403   1.337186   1.585381 
  0.422266   1.048315   0.597074   0.704509   1.099726   1.832641   1.286940   1.594128 
  0.496488   1.062479   0.599787   0.470060   1.047571   1.941426   1.415857   1.443552 
  0.533093   1.033460   0.602834   0.229260   1.044728   1.961223   1.432716   1.302861 
  0.308451   1.050567   0.619146   0.794690   0.998808   1.814665   1.352621   1.803398 
  0.331327   1.044411   0.670834   0.908168   0.932887   1.856515   1.405970   1.819100 
  0.263801   1.031120   0.843231   1.325214   0.669074   1.647070   1.312456   2.072757 
  0.415918   1.173104   0.874396   1.126432   0.712907   1.892947   1.359961   1.809577 
  0.429032   1.131324   0.806781   1.016678   0.781987   1.842703   1.368587   1.823454 
  0.485034   1.035135   0.531367   0.616892   1.050584   1.876311   1.296622   1.603170 
  0.491872   1.060822   0.575097   0.741066   1.049764   1.734896   1.241693   1.601826 
  0.549321   1.062229   0.545978   0.521892   1.045664   1.958668   1.326932   1.475269 
  0.568510   0.972496   0.526279   0.306281   1.040074   2.012432   1.332389   1.312335 
  0.394203   1.059880   0.579477   0.817155   0.995830   1.744228   1.281749   1.727664 
  0.412555   1.083729   0.629912   0.902847   0.969159   1.827061   1.302502   1.769361 
  0.316864   1.038069   0.788531   1.224591   0.721186   1.725053   1.311446   2.046822 
  0.529271   1.199678   0.877477   1.093677   0.755464   1.853600   1.259867   1.803367 
  0.527165   1.167512   0.780666   1.010901   0.863385   1.860756   1.251258   1.714384 
  0.636042   1.037465   0.400311   0.345915   1.292730   1.762798   1.147312   1.334374 
  0.739324   1.038900   0.359847   0.238346   1.251368   1.808286   0.938412   1.047567 
  0.702398   0.988688   0.291997   0.041966   1.187694   1.920967   0.885159   0.924678 
  0.639750   1.065123   0.515239   0.527491   1.183445   1.712824   1.128904   1.453580 
  0.658587   1.065238   0.511837   0.531691   1.151734   1.734943   1.146795   1.470976 
  0.377960   1.006738   0.575622   0.583038   1.019381   1.754654   1.337898   1.649643 
  0.573948   1.157331   0.614878   0.545981   1.145996   2.070228   1.313328   1.612144 
  0.594839   1.153462   0.574443   0.533719   1.145825   2.034939   1.241830   1.486979 
  0.694780   1.059931   0.341135   0.236086   1.262792   1.699516   1.029995   1.151586 
  0.716416   1.076321   0.347307   0.059793   1.187431   1.822011   0.965004   0.970010 
  0.581306   1.044556   0.483560   0.503541   1.206729   1.682588   1.157931   1.478614 
  0.593636   1.070701   0.490405   0.545228   1.209645   1.765551   1.200439   1.510719 
  0.406550   1.027705   0.627331   0.730716   1.096322   1.774950   1.326068   1.661737 
  0.602827   1.241449   0.741178   0.766288   1.055197   1.880540   1.225048   1.488117 
  0.608117   1.204250   0.667930   0.661371   1.149910   1.935565   1.186868   1.470930 
  0.776617   0.955280   0.205372  -0.064328   1.277238   2.019218   0.827907   0.688942 
  0.667978   1.061165   0.426753   0.379374   1.208476   1.756295   1.061458   1.253064 
  0.675286   1.064926   0.445526   0.400269   1.158021   1.811528   1.110631   1.247630 
  0.429266   1.027418   0.609189   0.477502   0.993259   1.775806   1.369779   1.513295 
  0.626305   1.162686   0.604640   0.538888   1.175681   2.080095   1.338949   1.434912 
  0.611298   1.103814   0.538642   0.434488   1.144152   2.000435   1.213705   1.327689 
  0.660926   1.065335   0.430197   0.188739   1.173422   1.865073   1.044009   1.075281 
  0.656015   1.045962   0.433037   0.162353   1.123513   1.898925   1.080008   1.110780 
  0.480909   0.993618   0.609338   0.219881   1.004077   1.893329   1.423964   1.376587 
  0.673584   1.144006   0.571016   0.287726   1.092788   2.006521   1.192632   1.131679 
  0.667098   1.111415   0.524587   0.271668   1.132575   1.975439   1.154779   1.073079 
  0.576507   1.079495   0.556341   0.672748   1.134216   1.695857   1.188488   1.625530 
  0.315259   1.014025   0.637738   0.837772   0.982331   1.683304   1.325574   1.845054 
  0.449252   1.164987   0.677304   0.779275   1.010234   1.988992   1.332500   1.732054 
  0.481743   1.172880   0.633472   0.686653   1.058163   1.923376   1.306940   1.655136 
  0.353785   1.066909   0.703377   0.942073   0.946583   1.733184   1.414391   1.897719 
  0.455970   1.185648   0.675004   0.794074   1.012373   2.008473   1.362592   1.673429 
  0.499863   1.168450   0.649827   0.721919   1.009548   1.998404   1.301501   1.644721 
  0.354967   1.132568   0.832864   1.070838   0.743988   1.841018   1.315168   1.881110 
  0.393854   1.128506   0.803145   0.997080   0.793053   1.815167   1.321018   1.894993 
  0.653938   1.331822   0.862103   0.950589   0.949940   1.969448   1.222909   1.638813 
