  0.185543   0.824545 
  0.836667   0.945613 
 -0.024473   0.700128 
 -0.043703   0.819198 
  0.404854   0.714027 
  0.096857   0.771167 
  0.292178   0.944295 
  0.405512   0.738059 
 -0.032428   0.785451 
  0.375604   0.733244 
  0.324622   0.836322 
  0.148844   0.786686 
  0.100619   0.727842 
  0.109293   0.852254 
  0.028784   0.712955 
  0.099345   0.809624 
  0.133206   0.766754 
  0.327256   0.788720 
  0.445772   0.727237 
  0.237404   0.732205 
  0.120069   0.715207 
 -0.023487   0.749831 
 -0.025475   0.767515 
  0.156933   0.730742 
  0.064525   0.739340 
  0.050800   0.713617 
  0.174884   0.757111 
 -0.042896   0.755334 
  0.186910   0.785896 
  0.155682   0.771962 
 -0.003596   0.718858 
  0.028818   0.704492 
  0.043278   0.782015 
  0.043482   0.761376 
  0.035619   0.728954 
  0.065685   0.731961 
  0.180974   0.760284 
  0.142332   0.729100 
  0.102182   0.713030 
 -0.029960   0.770641 
 -0.078212   0.665436 
  0.270537   0.757467 
  0.105422   0.805876 
  0.185865   0.872781 
  0.222589   0.730684 
 -0.066658   0.680431 
  0.210223   0.726927 
  0.216649   0.701473 
  0.049414   0.757206 
  0.085405   0.765671 
  0.022668   0.783155 
  0.007368   0.773122 
  0.103289   0.813958 
  0.106782   0.780383 
  0.218567   0.732691 
  0.259941   0.743041 
  0.197771   0.780136 
 -0.082797   0.732933 
 -0.047864   0.828906 
  0.009296   0.756491 
  0.100201   0.708951 
 -0.044978   0.816598 
  0.123941   0.744736 
 -0.070199   0.777040 
 -0.036675   0.745211 
  0.064554   0.704651 
 -0.009628   0.808958 
  0.020923   0.669127 
  0.165025   0.729422 
  0.040954   0.725753 
  0.038079   0.726217 
 -0.036704   0.773681 
  0.032879   0.812117 
  0.062918   0.803433 
 -0.072832   0.742344 
 -0.052986   0.710845 
  0.045885   0.685912 
 -0.048573   0.781502 
  0.148985   0.820206 
 -0.047097   0.782006 
 -0.050912   0.771204 
 -0.021550   0.731717 
 -0.037620   0.745093 
 -0.006892   0.751543 
  0.180385   0.783885 
 -0.019423   0.674134 
 -0.011988   0.689790 
 -0.048349   0.766369 
  0.016266   0.738916 
  0.016016   0.711373 
  0.070348   0.776556 
  0.118276   0.793558 
  0.338949   0.705225 
 -0.069682   0.725843 
  0.333660   0.692760 
  0.320355   0.690683 
  0.018956   0.788917 
  0.088009   0.766666 
  0.015480   0.732574 
  0.009183   0.748611 
  0.084327   0.806834 
  0.111659   0.802730 
  0.287418   0.737565 
  0.341633   0.700365 
  0.272360   0.767115 
  0.076215   0.767975 
  0.047124   0.758713 
 -0.011077   0.757368 
  0.029885   0.724701 
  0.065314   0.747532 
  0.049978   0.782493 
  0.063237   0.732381 
  0.011158   0.720800 
  0.049907   0.733199 
  0.064449   0.796074 
  0.077642   0.798050 
  0.065903   0.741983 
  0.110809   0.762789 
  0.094886   0.783290 
  0.066145   0.757940 
 -0.068093   0.658466 
  0.072628   0.768186 
  0.124163   0.781340 
  0.057989   0.722058 
  0.070823   0.819498 
  0.047676   0.767966 
  0.049010   0.738910 
  0.088641   0.737541 
  0.095079   0.745056 
  0.067861   0.715055 
  0.212891   0.831662 
  0.159696   0.761262 
 -0.025603   0.786295 
  0.344317   0.689879 
  0.292216   0.714851 
  0.012544   0.797504 
  0.034026   0.743857 
  0.004564   0.744228 
 -0.012624   0.778939 
  0.064625   0.778051 
  0.129053   0.787801 
  0.331151   0.746946 
  0.248956   0.671806 
  0.229164   0.735560 
 -0.059437   0.785729 
 -0.064991   0.789222 
  0.029277   0.746504 
 -0.051928   0.706846 
 -0.002390   0.736917 
 -0.114915   0.690204 
 -0.000117   0.704313 
 -0.007828   0.712515 
 -0.044787   0.773101 
 -0.037648   0.723545 
  0.030368   0.718273 
  0.267242   0.742190 
 -0.032585   0.759461 
  0.042640   0.768217 
  0.035335   0.792557 
  0.025475   0.792480 
  0.038601   0.776444 
  0.092614   0.782338 
  0.296862   0.725987 
  0.267408   0.707343 
  0.206643   0.723912 
  0.025210   0.755194 
  0.067920   0.721850 
  0.045382   0.761768 
  0.013816   0.758004 
  0.054846   0.730653 
  0.102080   0.742736 
  0.241787   0.733298 
  0.285630   0.669510 
  0.223578   0.681889 
  0.025821   0.812502 
  0.069886   0.737544 
  0.016897   0.695337 
  0.079037   0.743803 
  0.087963   0.733093 
 -0.007230   0.750596 
  0.093858   0.829078 
  0.087941   0.791870 
  0.041392   0.755452 
  0.048332   0.697030 
  0.036919   0.764557 
  0.053435   0.786030 
  0.051305   0.782218 
  0.190758   0.722318 
  0.146757   0.763881 
  0.045913   0.760152 
  0.055555   0.734587 
  0.066315   0.719589 
  0.010147   0.740006 
  0.112652   0.838178 
  0.066649   0.767174 
  0.038609   0.712221 
  0.032349   0.696026 
  0.000331   0.769208 
  0.099825   0.726323 
  0.077828   0.729637 
  0.084598   0.747310 
  0.053685   0.757096 
  0.110441   0.782331 
  0.089083   0.773574 
  0.122077   0.793962 
  0.117662   0.788997 
  0.106187   0.761108 
  0.217982   0.704688 
  0.191749   0.719558 
  0.295949   0.706811 
